Date, Time, Open, High, Low, Last, Volume, NumberOfTrades, BidVolume, AskVolume
2015/2/25, 00:00:00, 13.64, 14.06, 12.86, 13.84, 0, 0, 0, 0
2015/2/26, 00:00:00, 13.55, 14.57, 13.55, 13.91, 0, 0, 0, 0
2015/2/27, 00:00:00, 14.07, 14.17, 13.29, 13.34, 0, 0, 0, 0
2015/3/2, 00:00:00, 13.90, 13.90, 12.87, 13.04, 0, 0, 0, 0
2015/3/3, 00:00:00, 13.35, 14.69, 13.25, 13.86, 0, 0, 0, 0
2015/3/4, 00:00:00, 14.31, 15.33, 14.13, 14.23, 0, 0, 0, 0
2015/3/5, 00:00:00, 14.01, 14.58, 13.88, 14.04, 0, 0, 0, 0
2015/3/6, 00:00:00, 14.61, 15.83, 14.18, 15.20, 0, 0, 0, 0
2015/3/9, 00:00:00, 15.72, 15.76, 14.71, 15.06, 0, 0, 0, 0
2015/3/10, 00:00:00, 16.47, 16.91, 16.03, 16.69, 0, 0, 0, 0
2015/3/11, 00:00:00, 16.44, 17.19, 16.29, 16.87, 0, 0, 0, 0
2015/3/12, 00:00:00, 16.45, 16.45, 15.30, 15.42, 0, 0, 0, 0
2015/3/13, 00:00:00, 15.47, 16.73, 15.32, 16.00, 0, 0, 0, 0
2015/3/16, 00:00:00, 15.78, 15.89, 15.36, 15.61, 0, 0, 0, 0
2015/3/17, 00:00:00, 16.30, 16.37, 15.66, 15.66, 0, 0, 0, 0
2015/3/18, 00:00:00, 14.60, 16.29, 13.38, 13.97, 0, 0, 0, 0
2015/3/19, 00:00:00, 14.68, 14.97, 13.84, 14.07, 0, 0, 0, 0
2015/3/20, 00:00:00, 13.52, 13.53, 12.54, 13.02, 0, 0, 0, 0
2015/3/23, 00:00:00, 13.52, 13.53, 12.89, 13.41, 0, 0, 0, 0
2015/3/24, 00:00:00, 13.36, 13.68, 12.59, 13.62, 0, 0, 0, 0
2015/3/25, 00:00:00, 13.26, 15.55, 13.20, 15.44, 0, 0, 0, 0
2015/3/26, 00:00:00, 16.64, 17.19, 15.23, 15.80, 0, 0, 0, 0
2015/3/27, 00:00:00, 15.73, 15.83, 14.19, 15.07, 0, 0, 0, 0
2015/3/30, 00:00:00, 14.76, 14.76, 14.08, 14.51, 0, 0, 0, 0
2015/3/31, 00:00:00, 14.97, 15.74, 14.33, 15.29, 0, 0, 0, 0
2015/4/1, 00:00:00, 15.32, 16.66, 15.08, 15.11, 0, 0, 0, 0
2015/4/2, 00:00:00, 15.30, 15.51, 14.27, 14.67, 0, 0, 0, 0
2015/4/6, 00:00:00, 15.75, 15.76, 14.04, 14.74, 0, 0, 0, 0
2015/4/7, 00:00:00, 14.57, 14.81, 14.01, 14.78, 0, 0, 0, 0
2015/4/8, 00:00:00, 14.59, 14.77, 13.75, 13.98, 0, 0, 0, 0
2015/4/9, 00:00:00, 14.14, 14.59, 13.09, 13.09, 0, 0, 0, 0
2015/4/10, 00:00:00, 13.20, 13.26, 12.51, 12.58, 0, 0, 0, 0
2015/4/13, 00:00:00, 13.17, 14.31, 12.71, 13.94, 0, 0, 0, 0
2015/4/14, 00:00:00, 14.34, 14.74, 13.64, 13.67, 0, 0, 0, 0
2015/4/15, 00:00:00, 13.58, 13.58, 12.83, 12.84, 0, 0, 0, 0
2015/4/16, 00:00:00, 13.27, 13.35, 12.50, 12.60, 0, 0, 0, 0
2015/4/17, 00:00:00, 13.97, 15.02, 13.73, 13.89, 0, 0, 0, 0
2015/4/20, 00:00:00, 13.67, 13.67, 12.83, 13.30, 0, 0, 0, 0
2015/4/21, 00:00:00, 12.75, 13.51, 12.66, 13.25, 0, 0, 0, 0
2015/4/22, 00:00:00, 12.97, 13.80, 12.57, 12.71, 0, 0, 0, 0
2015/4/23, 00:00:00, 12.96, 12.96, 12.12, 12.48, 0, 0, 0, 0
2015/4/24, 00:00:00, 12.21, 13.02, 12.16, 12.29, 0, 0, 0, 0
2015/4/27, 00:00:00, 12.34, 13.40, 12.33, 13.12, 0, 0, 0, 0
2015/4/28, 00:00:00, 13.26, 14.23, 12.41, 12.41, 0, 0, 0, 0
2015/4/29, 00:00:00, 13.44, 14.34, 12.61, 13.39, 0, 0, 0, 0
2015/4/30, 00:00:00, 13.89, 15.29, 12.49, 14.55, 0, 0, 0, 0
2015/5/1, 00:00:00, 13.98, 13.98, 12.68, 12.70, 0, 0, 0, 0
2015/5/4, 00:00:00, 13.12, 13.18, 12.10, 12.85, 0, 0, 0, 0
2015/5/5, 00:00:00, 13.21, 14.41, 12.97, 14.31, 0, 0, 0, 0
2015/5/6, 00:00:00, 13.93, 16.36, 13.89, 15.15, 0, 0, 0, 0
2015/5/7, 00:00:00, 15.48, 15.97, 14.81, 15.13, 0, 0, 0, 0
2015/5/8, 00:00:00, 13.36, 13.42, 12.70, 12.86, 0, 0, 0, 0
2015/5/11, 00:00:00, 13.35, 13.85, 13.00, 13.85, 0, 0, 0, 0
2015/5/12, 00:00:00, 14.73, 15.13, 13.73, 13.86, 0, 0, 0, 0
2015/5/13, 00:00:00, 13.63, 14.04, 13.06, 13.76, 0, 0, 0, 0
2015/5/14, 00:00:00, 13.14, 13.29, 12.72, 12.74, 0, 0, 0, 0
2015/5/15, 00:00:00, 12.46, 13.09, 12.35, 12.38, 0, 0, 0, 0
2015/5/18, 00:00:00, 13.08, 13.22, 12.55, 12.73, 0, 0, 0, 0
2015/5/19, 00:00:00, 12.95, 13.13, 12.55, 12.85, 0, 0, 0, 0
2015/5/20, 00:00:00, 12.90, 13.27, 12.62, 12.88, 0, 0, 0, 0
2015/5/21, 00:00:00, 13.03, 13.09, 12.09, 12.11, 0, 0, 0, 0
2015/5/22, 00:00:00, 12.37, 12.37, 11.82, 12.13, 0, 0, 0, 0
2015/5/26, 00:00:00, 13.45, 14.63, 13.34, 14.06, 0, 0, 0, 0
2015/5/27, 00:00:00, 14.16, 14.41, 13.05, 13.27, 0, 0, 0, 0
2015/5/28, 00:00:00, 13.49, 13.99, 13.31, 13.31, 0, 0, 0, 0
2015/5/29, 00:00:00, 13.59, 14.43, 13.40, 13.84, 0, 0, 0, 0
2015/6/1, 00:00:00, 13.92, 14.86, 13.47, 13.97, 0, 0, 0, 0
2015/6/2, 00:00:00, 14.72, 15.05, 13.59, 14.24, 0, 0, 0, 0
2015/6/3, 00:00:00, 13.73, 14.20, 13.40, 13.66, 0, 0, 0, 0
2015/6/4, 00:00:00, 14.57, 15.49, 13.99, 14.71, 0, 0, 0, 0
2015/6/5, 00:00:00, 15.01, 15.65, 14.21, 14.21, 0, 0, 0, 0
2015/6/8, 00:00:00, 14.84, 15.50, 14.67, 15.29, 0, 0, 0, 0
2015/6/9, 00:00:00, 15.18, 15.74, 14.47, 14.47, 0, 0, 0, 0
2015/6/10, 00:00:00, 14.24, 14.37, 12.96, 13.22, 0, 0, 0, 0
2015/6/11, 00:00:00, 13.04, 13.22, 12.56, 12.85, 0, 0, 0, 0
2015/6/12, 00:00:00, 13.31, 14.02, 13.30, 13.78, 0, 0, 0, 0
2015/6/15, 00:00:00, 15.48, 15.57, 14.91, 15.39, 0, 0, 0, 0
2015/6/16, 00:00:00, 15.62, 15.62, 14.81, 14.81, 0, 0, 0, 0
2015/6/17, 00:00:00, 14.66, 15.49, 14.07, 14.50, 0, 0, 0, 0
2015/6/18, 00:00:00, 14.03, 14.03, 12.54, 13.19, 0, 0, 0, 0
2015/6/19, 00:00:00, 13.35, 14.00, 12.96, 13.96, 0, 0, 0, 0
2015/6/22, 00:00:00, 13.42, 13.46, 12.43, 12.74, 0, 0, 0, 0
2015/6/23, 00:00:00, 12.50, 12.68, 11.93, 12.11, 0, 0, 0, 0
2015/6/24, 00:00:00, 12.57, 13.33, 12.01, 13.26, 0, 0, 0, 0
2015/6/25, 00:00:00, 12.96, 14.16, 12.92, 14.01, 0, 0, 0, 0
2015/6/26, 00:00:00, 14.13, 14.91, 13.64, 14.02, 0, 0, 0, 0
2015/6/29, 00:00:00, 16.70, 19.50, 15.82, 18.85, 0, 0, 0, 0
2015/6/30, 00:00:00, 17.60, 19.80, 17.48, 18.23, 0, 0, 0, 0
2015/7/1, 00:00:00, 16.63, 17.26, 15.65, 16.09, 0, 0, 0, 0
2015/7/2, 00:00:00, 15.43, 17.48, 15.39, 16.79, 0, 0, 0, 0
2015/7/6, 00:00:00, 18.64, 18.95, 16.57, 17.01, 0, 0, 0, 0
2015/7/7, 00:00:00, 17.22, 19.20, 15.93, 16.09, 0, 0, 0, 0
2015/7/8, 00:00:00, 17.38, 19.76, 16.94, 19.66, 0, 0, 0, 0
2015/7/9, 00:00:00, 17.46, 20.05, 17.20, 19.97, 0, 0, 0, 0
2015/7/10, 00:00:00, 17.45, 18.17, 16.60, 16.82, 0, 0, 0, 0
2015/7/13, 00:00:00, 15.29, 15.36, 13.82, 13.90, 0, 0, 0, 0
2015/7/14, 00:00:00, 13.91, 13.95, 12.90, 13.37, 0, 0, 0, 0
2015/7/15, 00:00:00, 13.35, 13.97, 12.81, 13.23, 0, 0, 0, 0
2015/7/16, 00:00:00, 12.59, 12.61, 11.87, 12.11, 0, 0, 0, 0
2015/7/17, 00:00:00, 11.77, 12.22, 11.77, 11.95, 0, 0, 0, 0
2015/7/20, 00:00:00, 12.25, 12.37, 11.71, 12.25, 0, 0, 0, 0
2015/7/21, 00:00:00, 12.42, 12.79, 12.21, 12.22, 0, 0, 0, 0
2015/7/22, 00:00:00, 12.77, 12.83, 12.05, 12.12, 0, 0, 0, 0
2015/7/23, 00:00:00, 12.06, 13.08, 11.73, 12.64, 0, 0, 0, 0
2015/7/24, 00:00:00, 12.87, 14.73, 12.86, 13.74, 0, 0, 0, 0
2015/7/27, 00:00:00, 15.60, 16.27, 15.03, 15.60, 0, 0, 0, 0
2015/7/28, 00:00:00, 14.87, 15.62, 13.32, 13.44, 0, 0, 0, 0
2015/7/29, 00:00:00, 13.57, 13.59, 11.85, 12.50, 0, 0, 0, 0
2015/7/30, 00:00:00, 12.72, 13.42, 12.09, 12.13, 0, 0, 0, 0
2015/7/31, 00:00:00, 12.03, 12.63, 11.82, 12.12, 0, 0, 0, 0
2015/8/3, 00:00:00, 12.85, 13.55, 12.32, 12.56, 0, 0, 0, 0
2015/8/4, 00:00:00, 12.66, 13.22, 12.29, 13.00, 0, 0, 0, 0
2015/8/5, 00:00:00, 12.02, 12.72, 10.88, 12.51, 0, 0, 0, 0
2015/8/6, 00:00:00, 12.20, 14.25, 12.16, 13.77, 0, 0, 0, 0
2015/8/7, 00:00:00, 13.57, 14.58, 13.29, 13.39, 0, 0, 0, 0
2015/8/10, 00:00:00, 12.73, 12.78, 12.18, 12.23, 0, 0, 0, 0
2015/8/11, 00:00:00, 13.24, 14.33, 13.02, 13.71, 0, 0, 0, 0
2015/8/12, 00:00:00, 15.19, 16.28, 13.45, 13.61, 0, 0, 0, 0
2015/8/13, 00:00:00, 13.87, 14.33, 13.06, 13.49, 0, 0, 0, 0
2015/8/14, 00:00:00, 13.69, 13.87, 12.80, 12.83, 0, 0, 0, 0
2015/8/17, 00:00:00, 14.32, 14.52, 13.01, 13.02, 0, 0, 0, 0
2015/8/18, 00:00:00, 13.41, 13.94, 13.17, 13.79, 0, 0, 0, 0
2015/8/19, 00:00:00, 14.84, 15.96, 13.73, 15.25, 0, 0, 0, 0
2015/8/20, 00:00:00, 16.55, 19.23, 16.13, 19.14, 0, 0, 0, 0
2015/8/21, 00:00:00, 22.55, 28.38, 20.80, 28.03, 0, 0, 0, 0
2015/8/24, 00:00:00, 28.03, 53.29, 28.03, 40.74, 0, 0, 0, 0
2015/8/25, 00:00:00, 31.13, 38.06, 28.08, 36.02, 0, 0, 0, 0
2015/8/26, 00:00:00, 31.13, 35.61, 28.67, 30.32, 0, 0, 0, 0
2015/8/27, 00:00:00, 27.11, 29.90, 24.49, 26.10, 0, 0, 0, 0
2015/8/28, 00:00:00, 26.69, 29.20, 25.77, 26.05, 0, 0, 0, 0
2015/8/31, 00:00:00, 27.03, 29.37, 26.63, 28.43, 0, 0, 0, 0
2015/9/1, 00:00:00, 31.91, 33.82, 29.91, 31.40, 0, 0, 0, 0
2015/9/2, 00:00:00, 29.14, 30.45, 24.77, 26.09, 0, 0, 0, 0
2015/9/3, 00:00:00, 25.21, 26.31, 23.45, 25.61, 0, 0, 0, 0
2015/9/4, 00:00:00, 27.43, 29.47, 25.68, 27.80, 0, 0, 0, 0
2015/9/8, 00:00:00, 25.05, 26.25, 24.13, 24.90, 0, 0, 0, 0
2015/9/9, 00:00:00, 22.39, 26.82, 21.51, 26.23, 0, 0, 0, 0
2015/9/10, 00:00:00, 26.87, 27.22, 24.24, 24.37, 0, 0, 0, 0
2015/9/11, 00:00:00, 25.38, 25.81, 23.15, 23.20, 0, 0, 0, 0
2015/9/14, 00:00:00, 24.03, 25.32, 23.64, 24.25, 0, 0, 0, 0
2015/9/15, 00:00:00, 23.28, 23.77, 22.13, 22.54, 0, 0, 0, 0
2015/9/16, 00:00:00, 22.57, 22.94, 21.09, 21.35, 0, 0, 0, 0
2015/9/17, 00:00:00, 21.54, 23.33, 17.87, 21.14, 0, 0, 0, 0
2015/9/18, 00:00:00, 23.07, 23.99, 20.98, 22.28, 0, 0, 0, 0
2015/9/21, 00:00:00, 21.97, 22.48, 20.05, 20.14, 0, 0, 0, 0
2015/9/22, 00:00:00, 22.97, 26.29, 22.25, 22.44, 0, 0, 0, 0
2015/9/23, 00:00:00, 22.09, 23.20, 21.14, 22.13, 0, 0, 0, 0
2015/9/24, 00:00:00, 23.53, 25.30, 21.81, 23.47, 0, 0, 0, 0
2015/9/25, 00:00:00, 21.12, 24.29, 20.81, 23.62, 0, 0, 0, 0
2015/9/28, 00:00:00, 25.02, 28.33, 24.94, 27.63, 0, 0, 0, 0
2015/9/29, 00:00:00, 26.57, 28.20, 25.76, 26.83, 0, 0, 0, 0
2015/9/30, 00:00:00, 24.64, 25.88, 23.25, 24.50, 0, 0, 0, 0
2015/10/1, 00:00:00, 23.14, 25.23, 22.55, 22.55, 0, 0, 0, 0
2015/10/2, 00:00:00, 23.99, 24.42, 20.35, 20.94, 0, 0, 0, 0
2015/10/5, 00:00:00, 20.30, 20.42, 19.14, 19.54, 0, 0, 0, 0
2015/10/6, 00:00:00, 19.54, 20.32, 18.82, 19.40, 0, 0, 0, 0
2015/10/7, 00:00:00, 18.96, 19.73, 18.32, 18.40, 0, 0, 0, 0
2015/10/8, 00:00:00, 18.62, 19.02, 16.34, 17.42, 0, 0, 0, 0
2015/10/9, 00:00:00, 17.14, 18.20, 16.89, 17.08, 0, 0, 0, 0
2015/10/12, 00:00:00, 17.68, 17.80, 16.14, 16.17, 0, 0, 0, 0
2015/10/13, 00:00:00, 17.07, 17.70, 16.14, 17.67, 0, 0, 0, 0
2015/10/14, 00:00:00, 17.67, 18.78, 17.30, 18.03, 0, 0, 0, 0
2015/10/15, 00:00:00, 17.62, 17.85, 16.04, 16.05, 0, 0, 0, 0
2015/10/16, 00:00:00, 15.64, 16.86, 15.05, 15.05, 0, 0, 0, 0
2015/10/19, 00:00:00, 15.68, 16.23, 14.82, 14.98, 0, 0, 0, 0
2015/10/20, 00:00:00, 15.17, 16.34, 14.72, 15.75, 0, 0, 0, 0
2015/10/21, 00:00:00, 14.98, 16.70, 14.41, 16.70, 0, 0, 0, 0
2015/10/22, 00:00:00, 15.02, 15.92, 14.45, 14.45, 0, 0, 0, 0
2015/10/23, 00:00:00, 13.46, 15.12, 13.24, 14.46, 0, 0, 0, 0
2015/10/26, 00:00:00, 14.76, 15.43, 14.68, 15.29, 0, 0, 0, 0
2015/10/27, 00:00:00, 15.75, 15.99, 14.78, 15.43, 0, 0, 0, 0
2015/10/28, 00:00:00, 15.14, 15.72, 12.80, 14.33, 0, 0, 0, 0
2015/10/29, 00:00:00, 14.80, 15.46, 14.33, 14.61, 0, 0, 0, 0
2015/10/30, 00:00:00, 14.60, 15.39, 14.00, 15.07, 0, 0, 0, 0
2015/11/2, 00:00:00, 15.41, 15.51, 13.67, 14.15, 0, 0, 0, 0
2015/11/3, 00:00:00, 14.33, 14.73, 13.81, 14.54, 0, 0, 0, 0
2015/11/4, 00:00:00, 14.04, 15.88, 13.96, 15.51, 0, 0, 0, 0
2015/11/5, 00:00:00, 15.39, 16.39, 15.00, 15.05, 0, 0, 0, 0
2015/11/6, 00:00:00, 14.91, 16.00, 14.32, 14.33, 0, 0, 0, 0
2015/11/9, 00:00:00, 15.34, 17.09, 15.14, 16.52, 0, 0, 0, 0
2015/11/10, 00:00:00, 16.69, 16.96, 15.24, 15.29, 0, 0, 0, 0
2015/11/11, 00:00:00, 15.07, 16.14, 15.02, 16.06, 0, 0, 0, 0
2015/11/12, 00:00:00, 17.05, 18.50, 16.64, 18.37, 0, 0, 0, 0
2015/11/13, 00:00:00, 18.68, 20.67, 18.20, 20.08, 0, 0, 0, 0
2015/11/16, 00:00:00, 20.51, 20.55, 17.25, 18.16, 0, 0, 0, 0
2015/11/17, 00:00:00, 17.82, 19.59, 16.86, 18.84, 0, 0, 0, 0
2015/11/18, 00:00:00, 19.01, 19.45, 16.80, 16.85, 0, 0, 0, 0
2015/11/19, 00:00:00, 16.25, 18.26, 16.00, 16.99, 0, 0, 0, 0
2015/11/20, 00:00:00, 16.13, 16.38, 15.47, 15.47, 0, 0, 0, 0
2015/11/23, 00:00:00, 16.14, 16.73, 15.38, 15.62, 0, 0, 0, 0
2015/11/24, 00:00:00, 16.53, 17.21, 15.48, 15.93, 0, 0, 0, 0
2015/11/25, 00:00:00, 15.55, 15.89, 15.05, 15.19, 0, 0, 0, 0
2015/11/27, 00:00:00, 15.31, 16.09, 15.12, 15.12, 0, 0, 0, 0
2015/11/30, 00:00:00, 15.55, 16.57, 15.52, 16.13, 0, 0, 0, 0
2015/12/1, 00:00:00, 15.61, 16.34, 14.63, 14.67, 0, 0, 0, 0
2015/12/2, 00:00:00, 15.04, 16.48, 14.71, 15.91, 0, 0, 0, 0
2015/12/3, 00:00:00, 15.87, 19.35, 15.86, 18.11, 0, 0, 0, 0
2015/12/4, 00:00:00, 17.43, 17.64, 14.69, 14.81, 0, 0, 0, 0
2015/12/7, 00:00:00, 15.65, 17.18, 15.58, 15.84, 0, 0, 0, 0
2015/12/8, 00:00:00, 17.69, 18.32, 16.52, 17.60, 0, 0, 0, 0
2015/12/9, 00:00:00, 18.05, 20.13, 15.72, 19.61, 0, 0, 0, 0
2015/12/10, 00:00:00, 19.25, 19.72, 18.13, 19.34, 0, 0, 0, 0
2015/12/11, 00:00:00, 21.36, 25.27, 20.88, 24.39, 0, 0, 0, 0
2015/12/14, 00:00:00, 24.70, 26.81, 21.47, 22.73, 0, 0, 0, 0
2015/12/15, 00:00:00, 20.76, 21.62, 20.02, 20.95, 0, 0, 0, 0
2015/12/16, 00:00:00, 19.25, 20.23, 17.12, 17.86, 0, 0, 0, 0
2015/12/17, 00:00:00, 16.18, 19.05, 16.13, 18.94, 0, 0, 0, 0
2015/12/18, 00:00:00, 19.34, 23.30, 18.75, 20.70, 0, 0, 0, 0
2015/12/21, 00:00:00, 19.64, 20.21, 18.70, 18.70, 0, 0, 0, 0
2015/12/22, 00:00:00, 17.61, 18.22, 16.60, 16.60, 0, 0, 0, 0
2015/12/23, 00:00:00, 15.86, 16.25, 15.33, 15.57, 0, 0, 0, 0
2015/12/24, 00:00:00, 15.44, 15.88, 14.45, 15.74, 0, 0, 0, 0
2015/12/28, 00:00:00, 17.64, 18.13, 16.88, 16.91, 0, 0, 0, 0
2015/12/29, 00:00:00, 15.91, 16.48, 15.63, 16.08, 0, 0, 0, 0
2015/12/30, 00:00:00, 16.50, 17.42, 16.50, 17.29, 0, 0, 0, 0
2015/12/31, 00:00:00, 17.97, 20.39, 17.51, 18.21, 0, 0, 0, 0
2016/1/4, 00:00:00, 22.48, 23.36, 20.67, 20.70, 0, 0, 0, 0
2016/1/5, 00:00:00, 20.75, 21.06, 19.25, 19.34, 0, 0, 0, 0
2016/1/6, 00:00:00, 21.67, 21.86, 19.80, 20.59, 0, 0, 0, 0
2016/1/7, 00:00:00, 23.22, 25.86, 22.40, 24.99, 0, 0, 0, 0
2016/1/8, 00:00:00, 22.96, 27.08, 22.48, 27.01, 0, 0, 0, 0
2016/1/11, 00:00:00, 25.58, 27.39, 23.83, 24.30, 0, 0, 0, 0
2016/1/12, 00:00:00, 22.97, 23.93, 21.91, 22.47, 0, 0, 0, 0
2016/1/13, 00:00:00, 21.72, 26.11, 21.48, 25.22, 0, 0, 0, 0
2016/1/14, 00:00:00, 24.75, 26.28, 23.07, 23.95, 0, 0, 0, 0
2016/1/15, 00:00:00, 28.96, 30.95, 26.67, 27.02, 0, 0, 0, 0
2016/1/19, 00:00:00, 25.40, 27.59, 25.21, 26.05, 0, 0, 0, 0
2016/1/20, 00:00:00, 27.78, 32.09, 26.59, 27.59, 0, 0, 0, 0
2016/1/21, 00:00:00, 27.79, 28.43, 25.01, 26.69, 0, 0, 0, 0
2016/1/22, 00:00:00, 24.21, 24.55, 22.22, 22.34, 0, 0, 0, 0
2016/1/25, 00:00:00, 23.30, 24.31, 22.38, 24.15, 0, 0, 0, 0
2016/1/26, 00:00:00, 23.75, 24.02, 22.33, 22.50, 0, 0, 0, 0
2016/1/27, 00:00:00, 22.88, 27.22, 20.42, 23.11, 0, 0, 0, 0
2016/1/28, 00:00:00, 22.15, 23.72, 21.90, 22.42, 0, 0, 0, 0
2016/1/29, 00:00:00, 21.59, 21.74, 19.50, 20.20, 0, 0, 0, 0
2016/2/1, 00:00:00, 21.32, 23.66, 19.61, 19.98, 0, 0, 0, 0
2016/2/2, 00:00:00, 21.34, 22.42, 21.06, 21.98, 0, 0, 0, 0
2016/2/3, 00:00:00, 21.49, 24.99, 21.42, 21.65, 0, 0, 0, 0
2016/2/4, 00:00:00, 22.29, 23.14, 21.24, 21.84, 0, 0, 0, 0
2016/2/5, 00:00:00, 22.09, 24.11, 21.91, 23.38, 0, 0, 0, 0
2016/2/8, 00:00:00, 25.89, 27.72, 25.56, 26.00, 0, 0, 0, 0
2016/2/9, 00:00:00, 28.30, 28.31, 25.99, 26.54, 0, 0, 0, 0
2016/2/10, 00:00:00, 25.75, 26.60, 24.47, 26.29, 0, 0, 0, 0
2016/2/11, 00:00:00, 29.01, 30.90, 26.67, 28.14, 0, 0, 0, 0
2016/2/12, 00:00:00, 27.16, 27.57, 24.92, 25.40, 0, 0, 0, 0
2016/2/16, 00:00:00, 24.96, 25.52, 23.32, 24.11, 0, 0, 0, 0
2016/2/17, 00:00:00, 23.40, 24.16, 21.83, 22.31, 0, 0, 0, 0
2016/2/18, 00:00:00, 22.16, 22.53, 21.29, 21.64, 0, 0, 0, 0
2016/2/19, 00:00:00, 22.39, 23.44, 20.52, 20.53, 0, 0, 0, 0
2016/2/22, 00:00:00, 20.14, 20.35, 19.02, 19.38, 0, 0, 0, 0
2016/2/23, 00:00:00, 19.75, 21.16, 19.54, 20.98, 0, 0, 0, 0
2016/2/24, 00:00:00, 22.28, 22.87, 20.26, 20.72, 0, 0, 0, 0
2016/2/25, 00:00:00, 20.54, 21.26, 19.10, 19.11, 0, 0, 0, 0
2016/2/26, 00:00:00, 18.89, 20.13, 18.46, 19.81, 0, 0, 0, 0
2016/2/29, 00:00:00, 20.49, 20.81, 18.38, 20.55, 0, 0, 0, 0
2016/3/1, 00:00:00, 19.84, 20.17, 17.66, 17.70, 0, 0, 0, 0
2016/3/2, 00:00:00, 17.98, 18.41, 16.78, 17.09, 0, 0, 0, 0
2016/3/3, 00:00:00, 17.25, 17.55, 16.32, 16.70, 0, 0, 0, 0
2016/3/4, 00:00:00, 16.48, 17.35, 16.05, 16.86, 0, 0, 0, 0
2016/3/7, 00:00:00, 17.98, 18.04, 16.87, 17.35, 0, 0, 0, 0
2016/3/8, 00:00:00, 18.38, 18.89, 17.82, 18.67, 0, 0, 0, 0
2016/3/9, 00:00:00, 18.55, 19.11, 18.30, 18.34, 0, 0, 0, 0
2016/3/10, 00:00:00, 18.09, 19.59, 17.13, 18.05, 0, 0, 0, 0
2016/3/11, 00:00:00, 17.09, 17.27, 16.28, 16.50, 0, 0, 0, 0
2016/3/14, 00:00:00, 17.01, 17.67, 16.69, 16.92, 0, 0, 0, 0
2016/3/15, 00:00:00, 17.60, 17.85, 16.84, 16.84, 0, 0, 0, 0
2016/3/16, 00:00:00, 15.96, 16.32, 14.89, 14.99, 0, 0, 0, 0
2016/3/17, 00:00:00, 15.34, 15.38, 13.82, 14.44, 0, 0, 0, 0
2016/3/18, 00:00:00, 14.05, 14.36, 13.75, 14.02, 0, 0, 0, 0
2016/3/21, 00:00:00, 14.57, 14.73, 13.79, 13.79, 0, 0, 0, 0
2016/3/22, 00:00:00, 14.57, 14.76, 13.75, 14.17, 0, 0, 0, 0
2016/3/23, 00:00:00, 14.57, 15.03, 14.33, 14.94, 0, 0, 0, 0
2016/3/24, 00:00:00, 16.30, 16.44, 14.71, 14.74, 0, 0, 0, 0
2016/3/28, 00:00:00, 15.65, 16.04, 14.89, 15.24, 0, 0, 0, 0
2016/3/29, 00:00:00, 15.74, 15.89, 13.79, 13.82, 0, 0, 0, 0
2016/3/30, 00:00:00, 13.69, 13.89, 13.06, 13.56, 0, 0, 0, 0
2016/3/31, 00:00:00, 13.73, 14.28, 13.49, 13.95, 0, 0, 0, 0
2016/4/1, 00:00:00, 15.23, 15.28, 13.00, 13.10, 0, 0, 0, 0
2016/4/4, 00:00:00, 13.88, 14.24, 13.66, 14.12, 0, 0, 0, 0
2016/4/5, 00:00:00, 15.39, 15.72, 14.93, 15.42, 0, 0, 0, 0
2016/4/6, 00:00:00, 15.61, 15.98, 14.00, 14.09, 0, 0, 0, 0
2016/4/7, 00:00:00, 15.14, 16.77, 14.68, 16.16, 0, 0, 0, 0
2016/4/8, 00:00:00, 15.34, 15.93, 14.84, 15.36, 0, 0, 0, 0
2016/4/11, 00:00:00, 15.34, 16.26, 14.83, 16.26, 0, 0, 0, 0
2016/4/12, 00:00:00, 15.98, 16.57, 14.84, 14.85, 0, 0, 0, 0
2016/4/13, 00:00:00, 14.49, 14.53, 13.60, 13.84, 0, 0, 0, 0
2016/4/14, 00:00:00, 13.90, 14.12, 13.38, 13.72, 0, 0, 0, 0
2016/4/15, 00:00:00, 13.77, 14.19, 13.58, 13.62, 0, 0, 0, 0
2016/4/18, 00:00:00, 14.87, 14.94, 13.23, 13.35, 0, 0, 0, 0
2016/4/19, 00:00:00, 13.18, 13.88, 12.98, 13.24, 0, 0, 0, 0
2016/4/20, 00:00:00, 13.39, 13.50, 12.50, 13.28, 0, 0, 0, 0
2016/4/21, 00:00:00, 13.20, 14.14, 13.16, 13.95, 0, 0, 0, 0
2016/4/22, 00:00:00, 13.70, 14.19, 13.15, 13.22, 0, 0, 0, 0
2016/4/25, 00:00:00, 14.07, 14.76, 13.86, 14.08, 0, 0, 0, 0
2016/4/26, 00:00:00, 14.01, 14.43, 13.66, 13.96, 0, 0, 0, 0
2016/4/27, 00:00:00, 14.15, 14.95, 13.50, 13.77, 0, 0, 0, 0
2016/4/28, 00:00:00, 14.53, 15.61, 13.30, 15.22, 0, 0, 0, 0
2016/4/29, 00:00:00, 15.21, 17.09, 14.91, 15.70, 0, 0, 0, 0
2016/5/2, 00:00:00, 16.32, 16.50, 14.48, 14.68, 0, 0, 0, 0
2016/5/3, 00:00:00, 14.92, 16.42, 14.91, 15.60, 0, 0, 0, 0
2016/5/4, 00:00:00, 15.47, 16.85, 15.39, 16.05, 0, 0, 0, 0
2016/5/5, 00:00:00, 15.54, 16.45, 15.22, 15.91, 0, 0, 0, 0
2016/5/6, 00:00:00, 16.20, 16.57, 14.71, 14.72, 0, 0, 0, 0
2016/5/9, 00:00:00, 15.20, 15.39, 14.17, 14.57, 0, 0, 0, 0
2016/5/10, 00:00:00, 13.98, 14.35, 13.55, 13.63, 0, 0, 0, 0
2016/5/11, 00:00:00, 13.92, 14.69, 13.29, 14.69, 0, 0, 0, 0
2016/5/12, 00:00:00, 14.55, 15.42, 13.95, 14.41, 0, 0, 0, 0
2016/5/13, 00:00:00, 15.15, 15.47, 13.97, 15.04, 0, 0, 0, 0
2016/5/16, 00:00:00, 15.72, 15.98, 14.28, 14.68, 0, 0, 0, 0
2016/5/17, 00:00:00, 14.57, 16.12, 14.48, 15.57, 0, 0, 0, 0
2016/5/18, 00:00:00, 15.72, 16.47, 14.86, 15.95, 0, 0, 0, 0
2016/5/19, 00:00:00, 16.37, 17.64, 16.28, 16.33, 0, 0, 0, 0
2016/5/20, 00:00:00, 16.13, 16.30, 15.11, 15.20, 0, 0, 0, 0
2016/5/23, 00:00:00, 16.32, 16.47, 15.40, 15.82, 0, 0, 0, 0
2016/5/24, 00:00:00, 16.03, 16.05, 14.36, 14.42, 0, 0, 0, 0
2016/5/25, 00:00:00, 14.19, 14.33, 13.64, 13.90, 0, 0, 0, 0
2016/5/26, 00:00:00, 13.80, 14.11, 13.43, 13.43, 0, 0, 0, 0
2016/5/27, 00:00:00, 13.49, 13.76, 13.04, 13.12, 0, 0, 0, 0
2016/5/31, 00:00:00, 13.94, 15.00, 13.45, 14.19, 0, 0, 0, 0
2016/6/1, 00:00:00, 14.45, 15.25, 14.18, 14.20, 0, 0, 0, 0
2016/6/2, 00:00:00, 14.42, 14.92, 13.62, 13.63, 0, 0, 0, 0
2016/6/3, 00:00:00, 13.78, 14.66, 12.90, 13.47, 0, 0, 0, 0
2016/6/6, 00:00:00, 13.84, 14.27, 13.42, 13.65, 0, 0, 0, 0
2016/6/7, 00:00:00, 12.77, 14.05, 12.72, 14.05, 0, 0, 0, 0
2016/6/8, 00:00:00, 13.84, 14.27, 13.70, 14.08, 0, 0, 0, 0
2016/6/9, 00:00:00, 14.01, 14.85, 13.99, 14.64, 0, 0, 0, 0
2016/6/10, 00:00:00, 14.89, 17.32, 14.85, 17.03, 0, 0, 0, 0
2016/6/13, 00:00:00, 18.23, 21.01, 17.89, 20.97, 0, 0, 0, 0
2016/6/14, 00:00:00, 21.28, 22.16, 20.27, 20.50, 0, 0, 0, 0
2016/6/15, 00:00:00, 20.25, 20.45, 18.63, 20.14, 0, 0, 0, 0
2016/6/16, 00:00:00, 20.80, 22.89, 19.23, 19.37, 0, 0, 0, 0
2016/6/17, 00:00:00, 19.42, 20.03, 18.71, 19.41, 0, 0, 0, 0
2016/6/20, 00:00:00, 17.42, 18.55, 16.59, 18.37, 0, 0, 0, 0
2016/6/21, 00:00:00, 17.67, 18.96, 16.91, 18.48, 0, 0, 0, 0
2016/6/22, 00:00:00, 18.26, 21.22, 17.82, 21.17, 0, 0, 0, 0
2016/6/23, 00:00:00, 19.54, 19.79, 17.25, 17.25, 0, 0, 0, 0
2016/6/24, 00:00:00, 26.06, 26.24, 19.48, 25.76, 0, 0, 0, 0
2016/6/27, 00:00:00, 24.38, 26.72, 22.93, 23.85, 0, 0, 0, 0
2016/6/28, 00:00:00, 21.76, 22.07, 18.75, 18.75, 0, 0, 0, 0
2016/6/29, 00:00:00, 18.12, 18.27, 16.48, 16.64, 0, 0, 0, 0
2016/6/30, 00:00:00, 16.91, 16.98, 15.29, 15.63, 0, 0, 0, 0
2016/7/1, 00:00:00, 15.59, 15.86, 14.61, 14.77, 0, 0, 0, 0
2016/7/5, 00:00:00, 16.05, 16.62, 15.49, 15.58, 0, 0, 0, 0
2016/7/6, 00:00:00, 15.87, 17.04, 14.96, 14.96, 0, 0, 0, 0
2016/7/7, 00:00:00, 14.80, 15.98, 14.33, 14.76, 0, 0, 0, 0
2016/7/8, 00:00:00, 14.64, 14.75, 13.19, 13.20, 0, 0, 0, 0
2016/7/11, 00:00:00, 13.25, 13.67, 13.00, 13.54, 0, 0, 0, 0
2016/7/12, 00:00:00, 12.93, 13.93, 12.75, 13.55, 0, 0, 0, 0
2016/7/13, 00:00:00, 13.32, 13.79, 12.92, 13.04, 0, 0, 0, 0
2016/7/14, 00:00:00, 12.50, 13.37, 12.14, 12.82, 0, 0, 0, 0
2016/7/15, 00:00:00, 13.12, 13.22, 12.27, 12.67, 0, 0, 0, 0
2016/7/18, 00:00:00, 12.75, 13.12, 12.33, 12.44, 0, 0, 0, 0
2016/7/19, 00:00:00, 12.53, 12.83, 11.94, 11.97, 0, 0, 0, 0
2016/7/20, 00:00:00, 11.94, 11.97, 11.40, 11.77, 0, 0, 0, 0
2016/7/21, 00:00:00, 11.80, 13.06, 11.69, 12.74, 0, 0, 0, 0
2016/7/22, 00:00:00, 12.80, 12.88, 11.97, 12.02, 0, 0, 0, 0
2016/7/25, 00:00:00, 12.64, 13.72, 12.39, 12.87, 0, 0, 0, 0
2016/7/26, 00:00:00, 12.88, 13.50, 12.80, 13.05, 0, 0, 0, 0
2016/7/27, 00:00:00, 12.61, 13.74, 12.50, 12.83, 0, 0, 0, 0
2016/7/28, 00:00:00, 12.51, 13.52, 12.36, 12.72, 0, 0, 0, 0
2016/7/29, 00:00:00, 12.85, 12.90, 11.77, 11.87, 0, 0, 0, 0
2016/8/1, 00:00:00, 11.89, 12.98, 11.86, 12.44, 0, 0, 0, 0
2016/8/2, 00:00:00, 12.39, 14.24, 12.35, 13.37, 0, 0, 0, 0
2016/8/3, 00:00:00, 13.53, 13.91, 12.73, 12.86, 0, 0, 0, 0
2016/8/4, 00:00:00, 12.73, 12.98, 11.79, 12.42, 0, 0, 0, 0
2016/8/5, 00:00:00, 12.08, 12.26, 11.18, 11.39, 0, 0, 0, 0
2016/8/8, 00:00:00, 11.66, 11.78, 11.41, 11.50, 0, 0, 0, 0
2016/8/9, 00:00:00, 11.40, 11.92, 11.02, 11.66, 0, 0, 0, 0
2016/8/10, 00:00:00, 11.55, 12.50, 11.37, 12.05, 0, 0, 0, 0
2016/8/11, 00:00:00, 11.93, 12.11, 11.38, 11.68, 0, 0, 0, 0
2016/8/12, 00:00:00, 11.61, 12.00, 11.28, 11.55, 0, 0, 0, 0
2016/8/15, 00:00:00, 11.81, 12.17, 11.58, 11.81, 0, 0, 0, 0
2016/8/16, 00:00:00, 12.04, 12.78, 11.87, 12.64, 0, 0, 0, 0
2016/8/17, 00:00:00, 12.57, 13.71, 12.14, 12.19, 0, 0, 0, 0
2016/8/18, 00:00:00, 12.20, 12.53, 11.42, 11.43, 0, 0, 0, 0
2016/8/19, 00:00:00, 11.67, 12.28, 11.33, 11.34, 0, 0, 0, 0
2016/8/22, 00:00:00, 12.53, 13.02, 11.94, 12.27, 0, 0, 0, 0
2016/8/23, 00:00:00, 12.15, 12.44, 11.72, 12.38, 0, 0, 0, 0
2016/8/24, 00:00:00, 12.70, 14.01, 12.30, 13.45, 0, 0, 0, 0
2016/8/25, 00:00:00, 13.62, 14.09, 13.29, 13.63, 0, 0, 0, 0
2016/8/26, 00:00:00, 13.54, 14.93, 12.31, 13.65, 0, 0, 0, 0
2016/8/29, 00:00:00, 14.09, 14.43, 12.90, 12.94, 0, 0, 0, 0
2016/8/30, 00:00:00, 12.94, 13.60, 12.70, 13.12, 0, 0, 0, 0
2016/8/31, 00:00:00, 13.14, 14.34, 12.97, 13.42, 0, 0, 0, 0
2016/9/1, 00:00:00, 13.07, 14.61, 12.99, 13.48, 0, 0, 0, 0
2016/9/2, 00:00:00, 13.47, 13.90, 11.90, 11.98, 0, 0, 0, 0
2016/9/6, 00:00:00, 12.42, 12.93, 11.85, 12.02, 0, 0, 0, 0
2016/9/7, 00:00:00, 11.89, 12.45, 11.77, 11.94, 0, 0, 0, 0
2016/9/8, 00:00:00, 11.74, 12.60, 11.65, 12.51, 0, 0, 0, 0
2016/9/9, 00:00:00, 12.52, 17.54, 12.52, 17.50, 0, 0, 0, 0
2016/9/12, 00:00:00, 20.13, 20.51, 14.76, 15.16, 0, 0, 0, 0
2016/9/13, 00:00:00, 15.98, 18.97, 15.83, 17.85, 0, 0, 0, 0
2016/9/14, 00:00:00, 17.63, 18.14, 16.34, 18.14, 0, 0, 0, 0
2016/9/15, 00:00:00, 17.97, 18.07, 15.74, 16.30, 0, 0, 0, 0
2016/9/16, 00:00:00, 16.41, 17.10, 15.28, 15.37, 0, 0, 0, 0
2016/9/19, 00:00:00, 15.14, 15.96, 14.60, 15.53, 0, 0, 0, 0
2016/9/20, 00:00:00, 14.98, 16.09, 14.69, 15.92, 0, 0, 0, 0
2016/9/21, 00:00:00, 15.07, 15.65, 12.98, 13.30, 0, 0, 0, 0
2016/9/22, 00:00:00, 13.39, 13.39, 11.76, 12.02, 0, 0, 0, 0
2016/9/23, 00:00:00, 12.00, 12.58, 11.93, 12.29, 0, 0, 0, 0
2016/9/26, 00:00:00, 13.26, 14.63, 13.26, 14.50, 0, 0, 0, 0
2016/9/27, 00:00:00, 13.36, 14.76, 12.97, 13.10, 0, 0, 0, 0
2016/9/28, 00:00:00, 12.90, 13.57, 12.24, 12.39, 0, 0, 0, 0
2016/9/29, 00:00:00, 12.53, 15.69, 12.14, 14.02, 0, 0, 0, 0
2016/9/30, 00:00:00, 14.91, 15.20, 12.53, 13.29, 0, 0, 0, 0
2016/10/3, 00:00:00, 13.75, 14.42, 13.42, 13.57, 0, 0, 0, 0
2016/10/4, 00:00:00, 13.40, 14.57, 12.92, 13.63, 0, 0, 0, 0
2016/10/5, 00:00:00, 13.56, 13.68, 12.70, 12.99, 0, 0, 0, 0
2016/10/6, 00:00:00, 13.11, 13.84, 12.80, 12.84, 0, 0, 0, 0
2016/10/7, 00:00:00, 13.52, 14.15, 12.21, 13.48, 0, 0, 0, 0
2016/10/10, 00:00:00, 14.19, 14.36, 13.29, 13.38, 0, 0, 0, 0
2016/10/11, 00:00:00, 13.71, 16.47, 13.69, 15.36, 0, 0, 0, 0
2016/10/12, 00:00:00, 15.53, 16.34, 15.26, 15.91, 0, 0, 0, 0
2016/10/13, 00:00:00, 16.88, 17.95, 16.14, 16.69, 0, 0, 0, 0
2016/10/14, 00:00:00, 16.49, 16.50, 15.25, 16.12, 0, 0, 0, 0
2016/10/17, 00:00:00, 17.01, 17.11, 16.13, 16.21, 0, 0, 0, 0
2016/10/18, 00:00:00, 15.82, 15.85, 15.03, 15.28, 0, 0, 0, 0
2016/10/19, 00:00:00, 15.45, 15.68, 13.87, 14.41, 0, 0, 0, 0
2016/10/20, 00:00:00, 14.43, 14.72, 13.74, 13.75, 0, 0, 0, 0
2016/10/21, 00:00:00, 14.04, 14.53, 13.27, 13.34, 0, 0, 0, 0
2016/10/24, 00:00:00, 13.19, 13.26, 12.83, 13.02, 0, 0, 0, 0
2016/10/25, 00:00:00, 12.91, 13.86, 12.73, 13.46, 0, 0, 0, 0
2016/10/26, 00:00:00, 13.66, 14.80, 13.66, 14.24, 0, 0, 0, 0
2016/10/27, 00:00:00, 14.37, 15.43, 13.60, 15.36, 0, 0, 0, 0
2016/10/28, 00:00:00, 15.67, 17.35, 14.65, 16.19, 0, 0, 0, 0
2016/10/31, 00:00:00, 16.31, 17.63, 16.25, 17.06, 0, 0, 0, 0
2016/11/1, 00:00:00, 16.54, 20.43, 16.51, 18.56, 0, 0, 0, 0
2016/11/2, 00:00:00, 19.09, 19.82, 18.56, 19.32, 0, 0, 0, 0
2016/11/3, 00:00:00, 19.85, 22.57, 18.84, 22.08, 0, 0, 0, 0
2016/11/4, 00:00:00, 21.86, 23.01, 19.20, 22.51, 0, 0, 0, 0
2016/11/7, 00:00:00, 19.78, 19.86, 18.39, 18.71, 0, 0, 0, 0
2016/11/8, 00:00:00, 18.92, 19.91, 17.70, 18.74, 0, 0, 0, 0
2016/11/9, 00:00:00, 20.70, 21.48, 14.33, 14.38, 0, 0, 0, 0
2016/11/10, 00:00:00, 14.01, 16.27, 13.26, 14.74, 0, 0, 0, 0
2016/11/11, 00:00:00, 14.83, 16.00, 14.15, 14.17, 0, 0, 0, 0
2016/11/14, 00:00:00, 14.69, 15.56, 14.39, 14.48, 0, 0, 0, 0
2016/11/15, 00:00:00, 14.16, 14.65, 13.30, 13.37, 0, 0, 0, 0
2016/11/16, 00:00:00, 13.51, 14.49, 13.51, 13.72, 0, 0, 0, 0
2016/11/17, 00:00:00, 13.37, 13.55, 12.97, 13.35, 0, 0, 0, 0
2016/11/18, 00:00:00, 13.56, 13.74, 12.85, 12.85, 0, 0, 0, 0
2016/11/21, 00:00:00, 13.27, 13.44, 12.16, 12.42, 0, 0, 0, 0
2016/11/22, 00:00:00, 12.26, 12.83, 12.20, 12.41, 0, 0, 0, 0
2016/11/23, 00:00:00, 12.34, 13.01, 12.19, 12.43, 0, 0, 0, 0
2016/11/25, 00:00:00, 12.52, 12.74, 12.31, 12.34, 0, 0, 0, 0
2016/11/28, 00:00:00, 13.40, 13.50, 12.74, 13.15, 0, 0, 0, 0
2016/11/29, 00:00:00, 13.07, 13.55, 12.62, 12.90, 0, 0, 0, 0
2016/11/30, 00:00:00, 12.60, 13.42, 12.23, 13.33, 0, 0, 0, 0
2016/12/1, 00:00:00, 13.40, 14.72, 13.05, 14.07, 0, 0, 0, 0
2016/12/2, 00:00:00, 14.16, 14.48, 12.39, 14.12, 0, 0, 0, 0
2016/12/5, 00:00:00, 13.75, 13.77, 12.14, 12.14, 0, 0, 0, 0
2016/12/6, 00:00:00, 12.19, 12.30, 11.54, 11.79, 0, 0, 0, 0
2016/12/7, 00:00:00, 11.59, 12.24, 11.33, 12.22, 0, 0, 0, 0
2016/12/8, 00:00:00, 12.10, 13.40, 11.30, 12.64, 0, 0, 0, 0
2016/12/9, 00:00:00, 12.59, 12.72, 11.67, 11.75, 0, 0, 0, 0
2016/12/12, 00:00:00, 12.23, 12.78, 12.07, 12.64, 0, 0, 0, 0
2016/12/13, 00:00:00, 12.46, 13.42, 12.34, 12.72, 0, 0, 0, 0
2016/12/14, 00:00:00, 12.88, 13.39, 12.48, 13.19, 0, 0, 0, 0
2016/12/15, 00:00:00, 13.07, 13.24, 12.46, 12.79, 0, 0, 0, 0
2016/12/16, 00:00:00, 12.88, 12.95, 12.15, 12.20, 0, 0, 0, 0
2016/12/19, 00:00:00, 12.50, 12.52, 11.67, 11.71, 0, 0, 0, 0
2016/12/20, 00:00:00, 11.65, 11.75, 11.38, 11.45, 0, 0, 0, 0
2016/12/21, 00:00:00, 11.44, 11.49, 10.93, 11.27, 0, 0, 0, 0
2016/12/22, 00:00:00, 11.32, 11.67, 11.14, 11.43, 0, 0, 0, 0
2016/12/23, 00:00:00, 11.38, 11.81, 11.35, 11.44, 0, 0, 0, 0
2016/12/27, 00:00:00, 12.26, 12.33, 11.84, 11.99, 0, 0, 0, 0
2016/12/28, 00:00:00, 11.89, 13.04, 11.85, 12.95, 0, 0, 0, 0
2016/12/29, 00:00:00, 13.15, 13.71, 12.95, 13.37, 0, 0, 0, 0
2016/12/30, 00:00:00, 13.20, 14.68, 13.05, 14.04, 0, 0, 0, 0
2017/1/3, 00:00:00, 14.07, 14.07, 12.85, 12.85, 0, 0, 0, 0
2017/1/4, 00:00:00, 12.78, 12.80, 11.63, 11.85, 0, 0, 0, 0
2017/1/5, 00:00:00, 11.96, 12.09, 11.40, 11.67, 0, 0, 0, 0
2017/1/6, 00:00:00, 11.70, 11.74, 10.98, 11.32, 0, 0, 0, 0
2017/1/9, 00:00:00, 11.71, 12.08, 11.46, 11.56, 0, 0, 0, 0
2017/1/10, 00:00:00, 11.59, 11.79, 11.31, 11.49, 0, 0, 0, 0
2017/1/11, 00:00:00, 11.56, 12.23, 11.21, 11.26, 0, 0, 0, 0
2017/1/12, 00:00:00, 11.48, 12.60, 11.32, 11.54, 0, 0, 0, 0
2017/1/13, 00:00:00, 11.45, 11.62, 10.94, 11.23, 0, 0, 0, 0
2017/1/17, 00:00:00, 12.20, 12.75, 11.79, 11.87, 0, 0, 0, 0
2017/1/18, 00:00:00, 11.79, 12.81, 11.69, 12.48, 0, 0, 0, 0
2017/1/19, 00:00:00, 12.58, 13.28, 12.17, 12.78, 0, 0, 0, 0
2017/1/20, 00:00:00, 12.58, 12.59, 11.53, 11.54, 0, 0, 0, 0
2017/1/23, 00:00:00, 12.30, 12.62, 11.59, 11.77, 0, 0, 0, 0
2017/1/24, 00:00:00, 11.82, 11.89, 11.04, 11.07, 0, 0, 0, 0
2017/1/25, 00:00:00, 10.79, 11.05, 10.51, 10.81, 0, 0, 0, 0
2017/1/26, 00:00:00, 10.61, 11.01, 10.60, 10.63, 0, 0, 0, 0
2017/1/27, 00:00:00, 10.57, 10.82, 10.30, 10.58, 0, 0, 0, 0
2017/1/30, 00:00:00, 11.10, 12.90, 11.10, 11.88, 0, 0, 0, 0
2017/1/31, 00:00:00, 12.29, 12.99, 11.79, 11.99, 0, 0, 0, 0
2017/2/1, 00:00:00, 11.79, 12.05, 9.97, 11.81, 0, 0, 0, 0
2017/2/2, 00:00:00, 12.37, 12.47, 11.62, 11.93, 0, 0, 0, 0
2017/2/3, 00:00:00, 11.84, 11.84, 10.72, 10.97, 0, 0, 0, 0
2017/2/6, 00:00:00, 11.37, 11.84, 11.09, 11.37, 0, 0, 0, 0
2017/2/7, 00:00:00, 11.39, 11.67, 11.06, 11.29, 0, 0, 0, 0
2017/2/8, 00:00:00, 11.19, 11.82, 11.15, 11.45, 0, 0, 0, 0
2017/2/9, 00:00:00, 11.44, 11.53, 10.74, 10.88, 0, 0, 0, 0
2017/2/10, 00:00:00, 10.85, 10.95, 10.55, 10.85, 0, 0, 0, 0
2017/2/13, 00:00:00, 11.36, 11.40, 11.07, 11.07, 0, 0, 0, 0
2017/2/14, 00:00:00, 11.17, 11.34, 10.73, 10.74, 0, 0, 0, 0
2017/2/15, 00:00:00, 10.84, 12.01, 10.80, 11.97, 0, 0, 0, 0
2017/2/16, 00:00:00, 12.02, 12.86, 11.69, 11.76, 0, 0, 0, 0
2017/2/17, 00:00:00, 11.84, 12.26, 11.37, 11.49, 0, 0, 0, 0
2017/2/21, 00:00:00, 12.05, 12.09, 11.50, 11.57, 0, 0, 0, 0
2017/2/22, 00:00:00, 11.48, 12.07, 11.44, 11.74, 0, 0, 0, 0
2017/2/23, 00:00:00, 11.66, 12.46, 11.54, 11.71, 0, 0, 0, 0
2017/2/24, 00:00:00, 11.81, 12.59, 11.34, 11.47, 0, 0, 0, 0
2017/2/27, 00:00:00, 11.78, 12.14, 11.53, 12.09, 0, 0, 0, 0
2017/2/28, 00:00:00, 12.19, 12.96, 12.13, 12.92, 0, 0, 0, 0
2017/3/1, 00:00:00, 12.31, 12.58, 11.78, 12.54, 0, 0, 0, 0
2017/3/2, 00:00:00, 12.43, 12.71, 11.32, 11.81, 0, 0, 0, 0
2017/3/3, 00:00:00, 11.96, 11.97, 10.94, 10.96, 0, 0, 0, 0
2017/3/6, 00:00:00, 11.59, 11.72, 11.06, 11.24, 0, 0, 0, 0
2017/3/7, 00:00:00, 11.27, 11.58, 11.04, 11.45, 0, 0, 0, 0
2017/3/8, 00:00:00, 11.49, 11.86, 11.09, 11.86, 0, 0, 0, 0
2017/3/9, 00:00:00, 11.75, 12.43, 11.62, 12.30, 0, 0, 0, 0
2017/3/10, 00:00:00, 11.97, 12.09, 11.46, 11.66, 0, 0, 0, 0
2017/3/13, 00:00:00, 12.16, 12.23, 11.29, 11.35, 0, 0, 0, 0
2017/3/14, 00:00:00, 11.39, 12.54, 11.28, 12.30, 0, 0, 0, 0
2017/3/15, 00:00:00, 12.12, 12.25, 10.60, 11.63, 0, 0, 0, 0
2017/3/16, 00:00:00, 11.29, 11.55, 11.16, 11.21, 0, 0, 0, 0
2017/3/17, 00:00:00, 11.38, 11.38, 10.78, 11.28, 0, 0, 0, 0
2017/3/20, 00:00:00, 11.71, 11.72, 11.03, 11.34, 0, 0, 0, 0
2017/3/21, 00:00:00, 11.15, 12.85, 10.92, 12.47, 0, 0, 0, 0
2017/3/22, 00:00:00, 12.95, 13.16, 11.99, 12.81, 0, 0, 0, 0
2017/3/23, 00:00:00, 12.65, 13.17, 12.18, 13.12, 0, 0, 0, 0
2017/3/24, 00:00:00, 12.86, 14.16, 12.27, 12.96, 0, 0, 0, 0
2017/3/27, 00:00:00, 14.78, 15.11, 12.48, 12.50, 0, 0, 0, 0
2017/3/28, 00:00:00, 12.44, 12.67, 11.34, 11.53, 0, 0, 0, 0
2017/3/29, 00:00:00, 11.54, 11.70, 11.03, 11.42, 0, 0, 0, 0
2017/3/30, 00:00:00, 11.37, 11.64, 11.12, 11.54, 0, 0, 0, 0
2017/3/31, 00:00:00, 11.61, 12.54, 11.50, 12.37, 0, 0, 0, 0
2017/4/3, 00:00:00, 12.59, 13.59, 12.27, 12.38, 0, 0, 0, 0
2017/4/4, 00:00:00, 12.71, 13.07, 11.70, 11.79, 0, 0, 0, 0
2017/4/5, 00:00:00, 11.89, 12.89, 10.90, 12.89, 0, 0, 0, 0
2017/4/6, 00:00:00, 13.11, 13.22, 11.70, 12.39, 0, 0, 0, 0
2017/4/7, 00:00:00, 13.17, 13.43, 12.23, 12.87, 0, 0, 0, 0
2017/4/10, 00:00:00, 13.24, 14.11, 12.94, 14.05, 0, 0, 0, 0
2017/4/11, 00:00:00, 14.32, 15.88, 14.17, 15.07, 0, 0, 0, 0
2017/4/12, 00:00:00, 15.16, 16.16, 14.84, 15.77, 0, 0, 0, 0
2017/4/13, 00:00:00, 15.89, 16.22, 14.97, 15.96, 0, 0, 0, 0
2017/4/17, 00:00:00, 16.19, 16.28, 14.60, 14.66, 0, 0, 0, 0
2017/4/18, 00:00:00, 14.50, 15.50, 14.29, 14.42, 0, 0, 0, 0
2017/4/19, 00:00:00, 14.00, 15.15, 13.46, 14.93, 0, 0, 0, 0
2017/4/20, 00:00:00, 14.59, 14.81, 13.83, 14.15, 0, 0, 0, 0
2017/4/21, 00:00:00, 13.85, 15.33, 13.85, 14.63, 0, 0, 0, 0
2017/4/24, 00:00:00, 11.56, 12.00, 10.82, 10.84, 0, 0, 0, 0
2017/4/25, 00:00:00, 10.81, 11.15, 10.22, 10.76, 0, 0, 0, 0
2017/4/26, 00:00:00, 10.61, 10.89, 10.39, 10.85, 0, 0, 0, 0
2017/4/27, 00:00:00, 10.72, 11.08, 10.33, 10.36, 0, 0, 0, 0
2017/4/28, 00:00:00, 10.39, 11.16, 10.29, 10.82, 0, 0, 0, 0
2017/5/1, 00:00:00, 10.92, 11.04, 9.90, 10.11, 0, 0, 0, 0
2017/5/2, 00:00:00, 10.15, 10.59, 10.04, 10.59, 0, 0, 0, 0
2017/5/3, 00:00:00, 10.56, 11.15, 10.40, 10.68, 0, 0, 0, 0
2017/5/4, 00:00:00, 10.71, 11.24, 10.27, 10.46, 0, 0, 0, 0
2017/5/5, 00:00:00, 10.51, 10.98, 9.99, 10.57, 0, 0, 0, 0
2017/5/8, 00:00:00, 10.53, 10.55, 9.67, 9.77, 0, 0, 0, 0
2017/5/9, 00:00:00, 9.87, 10.14, 9.56, 9.96, 0, 0, 0, 0
2017/5/10, 00:00:00, 9.75, 10.24, 9.62, 10.21, 0, 0, 0, 0
2017/5/11, 00:00:00, 10.34, 11.23, 10.32, 10.60, 0, 0, 0, 0
2017/5/12, 00:00:00, 10.72, 10.87, 10.28, 10.40, 0, 0, 0, 0
2017/5/15, 00:00:00, 10.54, 10.88, 10.25, 10.42, 0, 0, 0, 0
2017/5/16, 00:00:00, 10.46, 10.67, 10.18, 10.65, 0, 0, 0, 0
2017/5/17, 00:00:00, 11.89, 15.59, 11.53, 15.59, 0, 0, 0, 0
2017/5/18, 00:00:00, 14.06, 16.30, 14.03, 14.66, 0, 0, 0, 0
2017/5/19, 00:00:00, 14.23, 14.23, 11.72, 12.04, 0, 0, 0, 0
2017/5/22, 00:00:00, 12.29, 12.52, 10.89, 10.93, 0, 0, 0, 0
2017/5/23, 00:00:00, 11.00, 11.00, 10.56, 10.72, 0, 0, 0, 0
2017/5/24, 00:00:00, 10.61, 10.90, 9.88, 10.02, 0, 0, 0, 0
2017/5/25, 00:00:00, 9.82, 10.29, 9.72, 9.99, 0, 0, 0, 0
2017/5/26, 00:00:00, 9.93, 10.48, 9.65, 9.81, 0, 0, 0, 0
2017/5/30, 00:00:00, 10.61, 10.84, 10.14, 10.38, 0, 0, 0, 0
2017/5/31, 00:00:00, 10.10, 11.30, 9.93, 10.41, 0, 0, 0, 0
2017/6/1, 00:00:00, 10.42, 10.54, 9.69, 9.89, 0, 0, 0, 0
2017/6/2, 00:00:00, 10.08, 10.30, 9.58, 9.75, 0, 0, 0, 0
2017/6/5, 00:00:00, 10.08, 10.28, 9.60, 10.07, 0, 0, 0, 0
2017/6/6, 00:00:00, 10.19, 10.77, 9.86, 10.45, 0, 0, 0, 0
2017/6/7, 00:00:00, 10.48, 10.93, 10.12, 10.39, 0, 0, 0, 0
2017/6/8, 00:00:00, 10.27, 10.53, 9.73, 10.16, 0, 0, 0, 0
2017/6/9, 00:00:00, 9.93, 12.11, 9.37, 10.70, 0, 0, 0, 0
2017/6/12, 00:00:00, 11.19, 12.37, 11.19, 11.46, 0, 0, 0, 0
2017/6/13, 00:00:00, 11.12, 11.14, 10.26, 10.42, 0, 0, 0, 0
2017/6/14, 00:00:00, 10.33, 11.26, 10.01, 10.64, 0, 0, 0, 0
2017/6/15, 00:00:00, 11.06, 12.01, 10.74, 10.90, 0, 0, 0, 0
2017/6/16, 00:00:00, 10.63, 11.35, 10.26, 10.38, 0, 0, 0, 0
2017/6/19, 00:00:00, 10.57, 10.60, 10.01, 10.37, 0, 0, 0, 0
2017/6/20, 00:00:00, 10.28, 11.15, 10.24, 10.86, 0, 0, 0, 0
2017/6/21, 00:00:00, 11.03, 11.40, 10.40, 10.75, 0, 0, 0, 0
2017/6/22, 00:00:00, 10.81, 11.01, 10.24, 10.48, 0, 0, 0, 0
2017/6/23, 00:00:00, 10.25, 10.69, 9.85, 10.02, 0, 0, 0, 0
2017/6/26, 00:00:00, 10.13, 10.44, 9.68, 9.90, 0, 0, 0, 0
2017/6/27, 00:00:00, 10.04, 11.31, 9.80, 11.06, 0, 0, 0, 0
2017/6/28, 00:00:00, 11.17, 11.49, 9.76, 10.03, 0, 0, 0, 0
2017/6/29, 00:00:00, 9.79, 15.16, 9.73, 11.44, 0, 0, 0, 0
2017/6/30, 00:00:00, 11.74, 11.85, 10.40, 11.18, 0, 0, 0, 0
2017/7/3, 00:00:00, 11.07, 11.45, 10.28, 11.22, 0, 0, 0, 0
2017/7/5, 00:00:00, 11.20, 12.03, 10.79, 11.07, 0, 0, 0, 0
2017/7/6, 00:00:00, 11.20, 13.05, 11.18, 12.54, 0, 0, 0, 0
2017/7/7, 00:00:00, 12.48, 12.57, 10.98, 11.19, 0, 0, 0, 0
2017/7/10, 00:00:00, 11.26, 11.73, 10.61, 11.11, 0, 0, 0, 0
2017/7/11, 00:00:00, 10.79, 12.14, 10.68, 10.89, 0, 0, 0, 0
2017/7/12, 00:00:00, 10.85, 10.85, 10.08, 10.30, 0, 0, 0, 0
2017/7/13, 00:00:00, 10.07, 10.40, 9.90, 9.90, 0, 0, 0, 0
2017/7/14, 00:00:00, 10.09, 10.14, 9.50, 9.51, 0, 0, 0, 0
2017/7/17, 00:00:00, 9.77, 10.03, 9.71, 9.82, 0, 0, 0, 0
2017/7/18, 00:00:00, 9.86, 10.35, 9.66, 9.95, 0, 0, 0, 0
2017/7/19, 00:00:00, 9.69, 9.94, 9.58, 9.79, 0, 0, 0, 0
2017/7/20, 00:00:00, 9.66, 10.27, 9.50, 9.58, 0, 0, 0, 0
2017/7/21, 00:00:00, 9.52, 9.98, 9.30, 9.36, 0, 0, 0, 0
2017/7/24, 00:00:00, 9.94, 9.97, 9.26, 9.43, 0, 0, 0, 0
2017/7/25, 00:00:00, 9.40, 9.52, 9.04, 9.43, 0, 0, 0, 0
2017/7/26, 00:00:00, 9.25, 9.66, 8.84, 9.60, 0, 0, 0, 0
2017/7/27, 00:00:00, 9.33, 11.50, 9.16, 10.11, 0, 0, 0, 0
2017/7/28, 00:00:00, 10.62, 11.30, 10.26, 10.29, 0, 0, 0, 0
2017/7/31, 00:00:00, 10.53, 10.84, 10.23, 10.26, 0, 0, 0, 0
2017/8/1, 00:00:00, 10.19, 10.56, 9.95, 10.09, 0, 0, 0, 0
2017/8/2, 00:00:00, 10.08, 10.81, 9.80, 10.28, 0, 0, 0, 0
2017/8/3, 00:00:00, 10.47, 10.60, 9.90, 10.44, 0, 0, 0, 0
2017/8/4, 00:00:00, 10.48, 10.50, 9.68, 10.03, 0, 0, 0, 0
2017/8/7, 00:00:00, 10.19, 10.32, 9.76, 9.93, 0, 0, 0, 0
2017/8/8, 00:00:00, 10.04, 11.52, 9.52, 10.96, 0, 0, 0, 0
2017/8/9, 00:00:00, 11.49, 12.63, 11.11, 11.11, 0, 0, 0, 0
2017/8/10, 00:00:00, 11.57, 16.17, 11.56, 16.04, 0, 0, 0, 0
2017/8/11, 00:00:00, 16.17, 17.28, 14.50, 15.51, 0, 0, 0, 0
2017/8/14, 00:00:00, 14.05, 14.05, 12.06, 12.33, 0, 0, 0, 0
2017/8/15, 00:00:00, 11.78, 12.37, 11.45, 12.04, 0, 0, 0, 0
2017/8/16, 00:00:00, 11.59, 12.54, 11.25, 11.74, 0, 0, 0, 0
2017/8/17, 00:00:00, 11.81, 15.77, 11.54, 15.55, 0, 0, 0, 0
2017/8/18, 00:00:00, 15.38, 16.03, 13.32, 14.26, 0, 0, 0, 0
2017/8/21, 00:00:00, 14.59, 14.74, 13.07, 13.19, 0, 0, 0, 0
2017/8/22, 00:00:00, 12.60, 12.94, 11.35, 11.35, 0, 0, 0, 0
2017/8/23, 00:00:00, 11.51, 12.59, 11.39, 12.25, 0, 0, 0, 0
2017/8/24, 00:00:00, 12.06, 12.83, 11.55, 12.23, 0, 0, 0, 0
2017/8/25, 00:00:00, 12.20, 12.45, 11.10, 11.28, 0, 0, 0, 0
2017/8/28, 00:00:00, 12.09, 12.11, 11.23, 11.32, 0, 0, 0, 0
2017/8/29, 00:00:00, 13.33, 14.34, 11.48, 11.70, 0, 0, 0, 0
2017/8/30, 00:00:00, 11.40, 11.98, 10.96, 11.22, 0, 0, 0, 0
2017/8/31, 00:00:00, 11.07, 11.22, 10.34, 10.59, 0, 0, 0, 0
2017/9/1, 00:00:00, 10.33, 10.46, 10.02, 10.13, 0, 0, 0, 0
2017/9/5, 00:00:00, 11.75, 14.06, 11.41, 12.23, 0, 0, 0, 0
2017/9/6, 00:00:00, 12.27, 12.59, 11.35, 11.63, 0, 0, 0, 0
2017/9/7, 00:00:00, 11.93, 12.07, 11.32, 11.55, 0, 0, 0, 0
2017/9/8, 00:00:00, 11.87, 12.60, 11.85, 12.12, 0, 0, 0, 0
2017/9/11, 00:00:00, 11.38, 11.39, 10.51, 10.73, 0, 0, 0, 0
2017/9/12, 00:00:00, 10.66, 10.95, 10.32, 10.58, 0, 0, 0, 0
2017/9/13, 00:00:00, 10.72, 10.86, 10.33, 10.50, 0, 0, 0, 0
2017/9/14, 00:00:00, 10.57, 11.04, 10.28, 10.44, 0, 0, 0, 0
2017/9/15, 00:00:00, 10.51, 10.74, 10.00, 10.17, 0, 0, 0, 0
2017/9/18, 00:00:00, 10.18, 10.42, 9.88, 10.15, 0, 0, 0, 0
2017/9/19, 00:00:00, 10.16, 10.30, 9.85, 10.18, 0, 0, 0, 0
2017/9/20, 00:00:00, 10.04, 10.67, 9.67, 9.78, 0, 0, 0, 0
2017/9/21, 00:00:00, 9.74, 10.21, 9.54, 9.67, 0, 0, 0, 0
2017/9/22, 00:00:00, 9.90, 10.20, 9.50, 9.59, 0, 0, 0, 0
2017/9/25, 00:00:00, 10.08, 11.21, 9.79, 10.21, 0, 0, 0, 0
2017/9/26, 00:00:00, 10.42, 10.68, 9.94, 10.17, 0, 0, 0, 0
2017/9/27, 00:00:00, 9.90, 10.42, 9.63, 9.87, 0, 0, 0, 0
2017/9/28, 00:00:00, 9.74, 10.13, 9.55, 9.55, 0, 0, 0, 0
2017/9/29, 00:00:00, 9.59, 9.83, 9.36, 9.51, 0, 0, 0, 0
2017/10/2, 00:00:00, 9.59, 10.04, 9.37, 9.45, 0, 0, 0, 0
2017/10/3, 00:00:00, 9.30, 9.75, 9.30, 9.51, 0, 0, 0, 0
2017/10/4, 00:00:00, 9.53, 9.88, 9.53, 9.63, 0, 0, 0, 0
2017/10/5, 00:00:00, 9.48, 9.62, 9.13, 9.19, 0, 0, 0, 0
2017/10/6, 00:00:00, 9.23, 10.27, 9.11, 9.65, 0, 0, 0, 0
2017/10/9, 00:00:00, 9.92, 10.53, 9.88, 10.33, 0, 0, 0, 0
2017/10/10, 00:00:00, 10.15, 10.66, 9.94, 10.08, 0, 0, 0, 0
2017/10/11, 00:00:00, 9.95, 10.38, 9.72, 9.85, 0, 0, 0, 0
2017/10/12, 00:00:00, 9.94, 10.33, 9.65, 9.91, 0, 0, 0, 0
2017/10/13, 00:00:00, 9.95, 9.98, 9.44, 9.61, 0, 0, 0, 0
2017/10/16, 00:00:00, 9.95, 10.02, 9.75, 9.91, 0, 0, 0, 0
2017/10/17, 00:00:00, 9.85, 10.46, 9.78, 10.31, 0, 0, 0, 0
2017/10/18, 00:00:00, 10.34, 10.39, 9.87, 10.07, 0, 0, 0, 0
2017/10/19, 00:00:00, 10.22, 11.77, 9.99, 10.05, 0, 0, 0, 0
2017/10/20, 00:00:00, 9.92, 10.04, 9.29, 9.97, 0, 0, 0, 0
2017/10/23, 00:00:00, 10.25, 11.08, 9.94, 11.07, 0, 0, 0, 0
2017/10/24, 00:00:00, 10.89, 11.16, 10.39, 11.16, 0, 0, 0, 0
2017/10/25, 00:00:00, 11.34, 13.20, 10.99, 11.23, 0, 0, 0, 0
2017/10/26, 00:00:00, 11.17, 11.81, 10.60, 11.30, 0, 0, 0, 0
2017/10/27, 00:00:00, 11.12, 11.12, 9.74, 9.80, 0, 0, 0, 0
2017/10/30, 00:00:00, 10.28, 10.89, 10.10, 10.50, 0, 0, 0, 0
2017/10/31, 00:00:00, 10.34, 10.37, 9.90, 10.18, 0, 0, 0, 0
2017/11/1, 00:00:00, 9.79, 10.49, 9.74, 10.20, 0, 0, 0, 0
2017/11/2, 00:00:00, 10.44, 10.89, 9.67, 9.93, 0, 0, 0, 0
2017/11/3, 00:00:00, 9.83, 9.91, 8.99, 9.14, 0, 0, 0, 0
2017/11/6, 00:00:00, 9.63, 9.74, 9.38, 9.40, 0, 0, 0, 0
2017/11/7, 00:00:00, 9.31, 10.31, 9.29, 9.89, 0, 0, 0, 0
2017/11/8, 00:00:00, 9.79, 10.27, 9.50, 9.78, 0, 0, 0, 0
2017/11/9, 00:00:00, 9.94, 12.16, 9.81, 10.50, 0, 0, 0, 0
2017/11/10, 00:00:00, 10.78, 11.58, 10.50, 11.29, 0, 0, 0, 0
2017/11/13, 00:00:00, 11.43, 12.18, 11.00, 11.50, 0, 0, 0, 0
2017/11/14, 00:00:00, 11.53, 12.61, 11.45, 11.59, 0, 0, 0, 0
2017/11/15, 00:00:00, 12.52, 14.43, 12.33, 13.13, 0, 0, 0, 0
2017/11/16, 00:00:00, 12.47, 12.52, 11.38, 11.76, 0, 0, 0, 0
2017/11/17, 00:00:00, 11.75, 12.01, 11.16, 11.43, 0, 0, 0, 0
2017/11/20, 00:00:00, 11.96, 12.08, 10.44, 10.65, 0, 0, 0, 0
2017/11/21, 00:00:00, 10.74, 10.78, 9.67, 9.73, 0, 0, 0, 0
2017/11/22, 00:00:00, 9.60, 9.88, 9.32, 9.88, 0, 0, 0, 0
2017/11/24, 00:00:00, 9.82, 9.96, 8.56, 9.67, 0, 0, 0, 0
2017/11/27, 00:00:00, 10.07, 10.26, 9.79, 9.87, 0, 0, 0, 0
2017/11/28, 00:00:00, 9.72, 10.31, 9.53, 10.03, 0, 0, 0, 0
2017/11/29, 00:00:00, 9.91, 10.93, 9.81, 10.70, 0, 0, 0, 0
2017/11/30, 00:00:00, 10.49, 11.99, 10.25, 11.28, 0, 0, 0, 0
2017/12/1, 00:00:00, 11.19, 14.19, 11.18, 11.43, 0, 0, 0, 0
2017/12/4, 00:00:00, 11.05, 11.86, 10.26, 11.68, 0, 0, 0, 0
2017/12/5, 00:00:00, 11.38, 11.67, 10.65, 11.33, 0, 0, 0, 0
2017/12/6, 00:00:00, 11.63, 11.68, 10.86, 11.02, 0, 0, 0, 0
2017/12/7, 00:00:00, 10.90, 11.32, 10.12, 10.16, 0, 0, 0, 0
2017/12/8, 00:00:00, 10.00, 10.06, 9.43, 9.58, 0, 0, 0, 0
2017/12/11, 00:00:00, 9.74, 10.08, 9.28, 9.34, 0, 0, 0, 0
2017/12/12, 00:00:00, 9.36, 9.92, 9.21, 9.92, 0, 0, 0, 0
2017/12/13, 00:00:00, 9.78, 10.21, 9.65, 10.18, 0, 0, 0, 0
2017/12/14, 00:00:00, 9.98, 10.54, 9.78, 10.49, 0, 0, 0, 0
2017/12/15, 00:00:00, 10.12, 10.20, 9.22, 9.42, 0, 0, 0, 0
2017/12/18, 00:00:00, 9.46, 9.89, 9.24, 9.53, 0, 0, 0, 0
2017/12/19, 00:00:00, 9.40, 10.15, 9.18, 10.03, 0, 0, 0, 0
2017/12/20, 00:00:00, 9.69, 9.85, 8.90, 9.72, 0, 0, 0, 0
2017/12/21, 00:00:00, 9.59, 9.86, 9.20, 9.62, 0, 0, 0, 0
2017/12/22, 00:00:00, 9.37, 10.18, 9.35, 9.90, 0, 0, 0, 0
2017/12/26, 00:00:00, 10.19, 10.46, 10.13, 10.25, 0, 0, 0, 0
2017/12/27, 00:00:00, 10.04, 10.79, 9.71, 10.47, 0, 0, 0, 0
2017/12/28, 00:00:00, 10.29, 10.44, 10.07, 10.18, 0, 0, 0, 0
2017/12/29, 00:00:00, 10.03, 11.06, 9.95, 11.04, 0, 0, 0, 0
2018/1/2, 00:00:00, 10.95, 11.07, 9.52, 9.77, 0, 0, 0, 0
2018/1/3, 00:00:00, 9.56, 9.65, 8.94, 9.15, 0, 0, 0, 0
2018/1/4, 00:00:00, 9.01, 9.31, 8.92, 9.22, 0, 0, 0, 0
2018/1/5, 00:00:00, 9.10, 9.54, 9.00, 9.22, 0, 0, 0, 0
2018/1/8, 00:00:00, 9.61, 9.89, 9.32, 9.52, 0, 0, 0, 0
2018/1/9, 00:00:00, 9.41, 10.09, 9.37, 10.08, 0, 0, 0, 0
2018/1/10, 00:00:00, 10.11, 10.85, 9.82, 9.82, 0, 0, 0, 0
2018/1/11, 00:00:00, 9.69, 10.02, 9.62, 9.88, 0, 0, 0, 0
2018/1/12, 00:00:00, 9.74, 10.31, 9.54, 10.16, 0, 0, 0, 0
2018/1/16, 00:00:00, 10.42, 12.41, 10.40, 11.66, 0, 0, 0, 0
2018/1/17, 00:00:00, 11.35, 12.81, 11.18, 11.91, 0, 0, 0, 0
2018/1/18, 00:00:00, 12.01, 12.40, 11.62, 12.22, 0, 0, 0, 0
2018/1/19, 00:00:00, 12.30, 12.33, 11.18, 11.27, 0, 0, 0, 0
2018/1/22, 00:00:00, 11.59, 11.62, 10.84, 11.03, 0, 0, 0, 0
2018/1/23, 00:00:00, 10.77, 11.57, 10.76, 11.10, 0, 0, 0, 0
2018/1/24, 00:00:00, 11.00, 12.19, 10.89, 11.47, 0, 0, 0, 0
2018/1/25, 00:00:00, 11.27, 12.01, 11.20, 11.58, 0, 0, 0, 0
2018/1/26, 00:00:00, 11.40, 11.60, 11.08, 11.08, 0, 0, 0, 0
2018/1/29, 00:00:00, 11.71, 13.84, 11.68, 13.84, 0, 0, 0, 0
2018/1/30, 00:00:00, 13.93, 15.42, 13.88, 14.79, 0, 0, 0, 0
2018/1/31, 00:00:00, 14.23, 14.44, 13.41, 13.54, 0, 0, 0, 0
2018/2/1, 00:00:00, 13.05, 14.30, 12.50, 13.47, 0, 0, 0, 0
2018/2/2, 00:00:00, 13.64, 17.86, 13.64, 17.31, 0, 0, 0, 0
2018/2/5, 00:00:00, 18.44, 38.80, 16.80, 37.32, 0, 0, 0, 0
2018/2/6, 00:00:00, 37.32, 50.30, 22.51, 29.98, 0, 0, 0, 0
2018/2/7, 00:00:00, 31.38, 31.64, 21.17, 27.73, 0, 0, 0, 0
2018/2/8, 00:00:00, 27.29, 36.17, 24.41, 33.46, 0, 0, 0, 0
2018/2/9, 00:00:00, 32.18, 41.06, 27.73, 29.06, 0, 0, 0, 0
2018/2/12, 00:00:00, 27.25, 29.70, 24.42, 25.61, 0, 0, 0, 0
2018/2/13, 00:00:00, 26.94, 27.82, 24.47, 24.97, 0, 0, 0, 0
2018/2/14, 00:00:00, 23.48, 25.72, 18.99, 19.26, 0, 0, 0, 0
2018/2/15, 00:00:00, 18.39, 20.66, 17.60, 19.13, 0, 0, 0, 0
2018/2/16, 00:00:00, 18.74, 20.99, 17.44, 19.46, 0, 0, 0, 0
2018/2/20, 00:00:00, 20.53, 21.61, 19.75, 20.60, 0, 0, 0, 0
2018/2/21, 00:00:00, 20.76, 21.04, 16.97, 20.02, 0, 0, 0, 0
2018/2/22, 00:00:00, 20.57, 20.61, 18.07, 18.72, 0, 0, 0, 0
2018/2/23, 00:00:00, 17.96, 18.80, 16.47, 16.49, 0, 0, 0, 0
