Date, Time, Open, High, Low, Last, Volume, NumberOfTrades, BidVolume, AskVolume
2015/3/2, 00:00:00, 2038.00, 2049.50, 2034.50, 2048.00, 1075660, 2871121, 0, 0
2015/3/3, 00:00:00, 2048.00, 2048.50, 2029.50, 2038.75, 1360995, 2893603, 0, 0
2015/3/4, 00:00:00, 2038.75, 2038.75, 2019.25, 2030.50, 1490440, 2910503, 0, 0
2015/3/5, 00:00:00, 2030.50, 2037.50, 2027.25, 2033.75, 1097593, 2917569, 0, 0
2015/3/6, 00:00:00, 2033.50, 2037.50, 1999.50, 2004.75, 1901150, 2987199, 0, 0
2015/3/9, 00:00:00, 2007.50, 2014.25, 2000.00, 2011.75, 1189658, 2947997, 0, 0
2015/3/10, 00:00:00, 2011.50, 2012.00, 1976.00, 1976.00, 1903455, 2942523, 0, 0
2015/3/11, 00:00:00, 1978.25, 1986.25, 1972.25, 1973.50, 1707510, 2807778, 0, 0
2015/3/12, 00:00:00, 1976.00, 2000.25, 1972.00, 1997.75, 833748, 875067, 0, 0
2015/3/13, 00:00:00, 1997.75, 2002.50, 1973.75, 1983.50, 1729733, 1332264, 0, 0
2015/3/16, 00:00:00, 1984.50, 2015.25, 1978.50, 2009.75, 1698647, 1793591, 0, 0
2015/3/17, 00:00:00, 2007.75, 2011.75, 1997.50, 2007.50, 1791792, 2362080, 0, 0
2015/3/18, 00:00:00, 2007.50, 2041.00, 1993.50, 2033.75, 2013069, 2586701, 0, 0
2015/3/19, 00:00:00, 2034.75, 2040.25, 2017.75, 2022.75, 1496920, 2638127, 0, 0
2015/3/20, 00:00:00, 2020.75, 2048.00, 2019.00, 2040.50, 1417654, 2608347, 0, 0
2015/3/23, 00:00:00, 2039.00, 2048.25, 2034.50, 2036.00, 957576, 2607995, 0, 0
2015/3/24, 00:00:00, 2035.25, 2042.25, 2024.25, 2026.25, 1193863, 2625047, 0, 0
2015/3/25, 00:00:00, 2026.50, 2030.50, 1993.50, 1995.00, 1777447, 2620588, 0, 0
2015/3/26, 00:00:00, 1997.25, 2000.00, 1974.50, 1989.75, 1842218, 2639622, 0, 0
2015/3/27, 00:00:00, 1991.25, 1999.00, 1982.25, 1993.75, 1158856, 2640559, 0, 0
2015/3/30, 00:00:00, 1994.00, 2023.00, 1988.50, 2016.75, 1236364, 2632578, 0, 0
2015/3/31, 00:00:00, 2016.00, 2018.00, 1997.50, 2002.00, 1596352, 2655571, 0, 0
2015/4/1, 00:00:00, 1999.25, 2002.00, 1974.75, 1994.25, 1818878, 2672112, 0, 0
2015/4/2, 00:00:00, 1996.50, 2006.00, 1985.25, 2000.75, 1047174, 2645132, 0, 0
2015/4/3, 00:00:00, 2001.25, 2005.00, 1979.25, 2000.75, 95921, 2650208, 0, 0
2015/4/6, 00:00:00, 1980.75, 2021.25, 1980.00, 2014.50, 948447, 2654748, 0, 0
2015/4/7, 00:00:00, 2012.75, 2024.00, 2007.25, 2009.00, 1048474, 2651631, 0, 0
2015/4/8, 00:00:00, 2009.75, 2021.50, 2005.75, 2017.25, 1217049, 2644161, 0, 0
2015/4/9, 00:00:00, 2019.00, 2028.25, 2008.00, 2027.00, 1211778, 2645082, 0, 0
2015/4/10, 00:00:00, 2027.25, 2037.50, 2024.25, 2036.75, 880529, 2651679, 0, 0
2015/4/13, 00:00:00, 2036.50, 2042.50, 2026.50, 2027.75, 1080267, 2650088, 0, 0
2015/4/14, 00:00:00, 2028.25, 2034.00, 2017.00, 2032.25, 1267366, 2664126, 0, 0
2015/4/15, 00:00:00, 2033.00, 2046.75, 2028.50, 2041.00, 1045308, 2666373, 0, 0
2015/4/16, 00:00:00, 2042.75, 2046.00, 2030.25, 2042.00, 1113607, 2689405, 0, 0
2015/4/17, 00:00:00, 2042.50, 2043.00, 2005.75, 2016.75, 1822841, 2702824, 0, 0
2015/4/20, 00:00:00, 2022.25, 2038.75, 2019.75, 2032.25, 1119881, 2688683, 0, 0
2015/4/21, 00:00:00, 2030.75, 2046.50, 2028.50, 2032.25, 1052404, 2683708, 0, 0
2015/4/22, 00:00:00, 2033.25, 2045.00, 2021.50, 2041.50, 1188586, 2689547, 0, 0
2015/4/23, 00:00:00, 2040.50, 2055.75, 2028.75, 2048.25, 1362552, 2713112, 0, 0
2015/4/24, 00:00:00, 2048.75, 2056.00, 2044.25, 2053.00, 958312, 2711119, 0, 0
2015/4/27, 00:00:00, 2054.50, 2061.00, 2041.50, 2046.00, 1210483, 2688678, 0, 0
2015/4/28, 00:00:00, 2045.00, 2053.75, 2029.50, 2053.25, 1476513, 2706583, 0, 0
2015/4/29, 00:00:00, 2052.00, 2053.75, 2031.75, 2040.25, 1739720, 2720143, 0, 0
2015/4/30, 00:00:00, 2039.50, 2043.25, 2011.50, 2020.25, 2026329, 2765711, 0, 0
2015/5/1, 00:00:00, 2024.00, 2043.75, 2021.75, 2042.75, 1022085, 2734463, 0, 0
2015/5/4, 00:00:00, 2043.00, 2056.25, 2039.25, 2050.50, 1000837, 2721947, 0, 0
2015/5/5, 00:00:00, 2050.75, 2053.00, 2022.75, 2025.25, 1590274, 2703366, 0, 0
2015/5/6, 00:00:00, 2026.75, 2035.00, 2002.50, 2015.50, 1756254, 2729348, 0, 0
2015/5/7, 00:00:00, 2016.00, 2029.50, 1998.25, 2025.50, 1437746, 2713209, 0, 0
2015/5/8, 00:00:00, 2026.50, 2054.75, 2025.25, 2049.75, 1379447, 2722856, 0, 0
2015/5/11, 00:00:00, 2051.25, 2054.75, 2037.00, 2039.00, 1147278, 2717411, 0, 0
2015/5/12, 00:00:00, 2039.00, 2042.25, 2020.50, 2036.25, 1483837, 2710825, 0, 0
2015/5/13, 00:00:00, 2037.50, 2047.75, 2032.75, 2035.75, 1341325, 2714341, 0, 0
2015/5/14, 00:00:00, 2037.25, 2059.50, 2033.25, 2058.75, 1104560, 2725106, 0, 0
2015/5/15, 00:00:00, 2058.50, 2064.00, 2054.50, 2060.25, 1023893, 2723990, 0, 0
2015/5/18, 00:00:00, 2060.50, 2070.00, 2053.50, 2067.25, 917101, 2730361, 0, 0
2015/5/19, 00:00:00, 2068.00, 2075.25, 2062.50, 2065.75, 1001397, 2716966, 0, 0
2015/5/20, 00:00:00, 2065.50, 2073.50, 2060.50, 2063.75, 1011268, 2717293, 0, 0
2015/5/21, 00:00:00, 2062.00, 2073.25, 2056.25, 2069.25, 794479, 2724877, 0, 0
2015/5/22, 00:00:00, 2070.50, 2072.25, 2064.00, 2065.75, 765943, 2720027, 0, 0
2015/5/26, 00:00:00, 2065.75, 2068.25, 2037.25, 2046.25, 1589652, 2723908, 0, 0
2015/5/27, 00:00:00, 2047.00, 2065.50, 2042.50, 2062.25, 1290556, 2737526, 0, 0
2015/5/28, 00:00:00, 2061.25, 2064.00, 2051.75, 2063.00, 1082365, 2746809, 0, 0
2015/5/29, 00:00:00, 2063.00, 2064.00, 2043.50, 2047.25, 1692162, 2766529, 0, 0
2015/6/1, 00:00:00, 2048.25, 2059.00, 2041.50, 2050.50, 1338859, 2763714, 0, 0
2015/6/2, 00:00:00, 2052.25, 2057.25, 2035.25, 2048.00, 1442814, 2760870, 0, 0
2015/6/3, 00:00:00, 2048.25, 2062.00, 2048.00, 2057.25, 1310989, 0, 0, 0
2015/6/4, 00:00:00, 2057.50, 2057.75, 2032.50, 2040.25, 1717287, 2785151, 0, 0
2015/6/5, 00:00:00, 2040.00, 2044.00, 2024.75, 2033.50, 1460654, 2777034, 0, 0
2015/6/8, 00:00:00, 2033.25, 2034.50, 2017.50, 2019.50, 1290922, 2780512, 0, 0
2015/6/9, 00:00:00, 2021.25, 2026.00, 2010.00, 2021.25, 1446234, 0, 0, 0
2015/6/10, 00:00:00, 2022.00, 2049.25, 2021.25, 2048.25, 1664080, 0, 0, 0
2015/6/11, 00:00:00, 2047.25, 2055.50, 2044.25, 2050.25, 746891, 755803, 0, 0
2015/6/12, 00:00:00, 2050.00, 2050.25, 2030.75, 2033.75, 1763160, 1262058, 0, 0
2015/6/15, 00:00:00, 2025.25, 2030.25, 2011.50, 2024.25, 1999786, 1764777, 0, 0
2015/6/16, 00:00:00, 2024.00, 2038.75, 2010.75, 2037.75, 1657466, 2246290, 0, 0
2015/6/17, 00:00:00, 2038.50, 2047.50, 2027.50, 2038.00, 1578971, 2433892, 0, 0
2015/6/18, 00:00:00, 2037.75, 2068.00, 2030.75, 2063.50, 1902148, 2549027, 0, 0
2015/6/19, 00:00:00, 2063.50, 2066.50, 2045.75, 2046.50, 1239246, 2537546, 0, 0
2015/6/22, 00:00:00, 2054.50, 2070.75, 2052.25, 2061.50, 1095709, 2563433, 0, 0
2015/6/23, 00:00:00, 2063.50, 2069.25, 2060.00, 2065.25, 837133, 2554179, 0, 0
2015/6/24, 00:00:00, 2066.25, 2067.25, 2047.75, 2048.25, 1163124, 2536478, 0, 0
2015/6/25, 00:00:00, 2050.00, 2061.50, 2040.75, 2042.75, 1218149, 2534335, 0, 0
2015/6/26, 00:00:00, 2043.50, 2049.50, 2035.00, 2044.50, 1321884, 2526649, 0, 0
2015/6/29, 00:00:00, 2012.75, 2032.00, 1996.00, 1999.25, 2292340, 2614259, 0, 0
2015/6/30, 00:00:00, 2003.25, 2017.75, 1995.50, 2003.25, 2381572, 2615790, 0, 0
2015/7/1, 00:00:00, 2003.25, 2026.25, 2003.25, 2019.75, 1496815, 2624007, 0, 0
2015/7/2, 00:00:00, 2020.25, 2027.75, 2011.00, 2017.50, 1252317, 2625405, 0, 0
2015/7/6, 00:00:00, 1986.00, 2020.50, 1983.00, 2013.25, 1973058, 2657211, 0, 0
2015/7/7, 00:00:00, 2016.50, 2026.75, 1983.75, 2022.50, 2531662, 2658021, 0, 0
2015/7/8, 00:00:00, 2021.75, 2022.00, 1985.00, 1988.00, 2393226, 2729842, 0, 0
2015/7/9, 00:00:00, 1988.50, 2016.75, 1987.00, 1990.00, 1981972, 2667051, 0, 0
2015/7/10, 00:00:00, 1993.50, 2023.50, 1993.50, 2017.75, 1573858, 2619051, 0, 0
2015/7/13, 00:00:00, 2003.50, 2043.50, 2000.75, 2043.25, 1333579, 2619098, 0, 0
2015/7/14, 00:00:00, 2042.75, 2054.25, 2039.25, 2050.75, 955518, 2600930, 0, 0
2015/7/15, 00:00:00, 2051.25, 2056.50, 2043.75, 2053.00, 1147598, 2584404, 0, 0
2015/7/16, 00:00:00, 2052.75, 2067.25, 2051.50, 2065.75, 1107382, 2609902, 0, 0
2015/7/17, 00:00:00, 2065.75, 2068.75, 2061.50, 2067.50, 903686, 2592829, 0, 0
2015/7/20, 00:00:00, 2066.75, 2075.00, 2065.25, 2070.75, 937630, 2610884, 0, 0
2015/7/21, 00:00:00, 2070.00, 2073.75, 2055.50, 2063.25, 1209300, 2620479, 0, 0
2015/7/22, 00:00:00, 2056.50, 2060.75, 2051.00, 2056.75, 1224393, 2627734, 0, 0
2015/7/23, 00:00:00, 2058.00, 2062.50, 2040.25, 2047.25, 1437249, 2641582, 0, 0
2015/7/24, 00:00:00, 2049.75, 2052.75, 2018.50, 2026.25, 1669725, 2675616, 0, 0
2015/7/27, 00:00:00, 2027.00, 2029.50, 2005.25, 2013.25, 1781810, 2699408, 0, 0
2015/7/28, 00:00:00, 2014.25, 2037.75, 2010.25, 2036.00, 1725788, 2671539, 0, 0
2015/7/29, 00:00:00, 2036.75, 2053.00, 2033.25, 2050.25, 1397228, 2657695, 0, 0
2015/7/30, 00:00:00, 2048.25, 2053.00, 2036.50, 2052.50, 1286157, 2654075, 0, 0
2015/7/31, 00:00:00, 2050.50, 2058.00, 2044.00, 2047.25, 1602805, 2668917, 0, 0
2015/8/3, 00:00:00, 2047.50, 2051.25, 2028.75, 2039.75, 1512106, 2669093, 0, 0
2015/8/4, 00:00:00, 2039.25, 2045.00, 2030.25, 2031.75, 1327878, 2675097, 0, 0
2015/8/5, 00:00:00, 2031.25, 2055.75, 2031.00, 2042.50, 1384241, 2656916, 0, 0
2015/8/6, 00:00:00, 2042.75, 2048.00, 2018.75, 2028.25, 1608876, 2673527, 0, 0
2015/8/7, 00:00:00, 2028.75, 2031.50, 2010.75, 2022.25, 1596391, 2717584, 0, 0
2015/8/10, 00:00:00, 2020.75, 2050.00, 2020.50, 2048.50, 1198912, 2707594, 0, 0
2015/8/11, 00:00:00, 2049.50, 2050.50, 2019.50, 2028.50, 1783349, 2736342, 0, 0
2015/8/12, 00:00:00, 2029.50, 2034.00, 1995.25, 2033.00, 2364321, 2767869, 0, 0
2015/8/13, 00:00:00, 2031.50, 2041.75, 2022.00, 2029.25, 1496065, 2773957, 0, 0
2015/8/14, 00:00:00, 2028.00, 2039.25, 2022.50, 2038.25, 1069465, 2773006, 0, 0
2015/8/17, 00:00:00, 2038.25, 2049.25, 2023.50, 2048.00, 1292437, 2783936, 0, 0
2015/8/18, 00:00:00, 2047.00, 2052.50, 2039.00, 2042.75, 1135552, 2787015, 0, 0
2015/8/19, 00:00:00, 2042.00, 2046.75, 2015.25, 2021.50, 2289064, 2805536, 0, 0
2015/8/20, 00:00:00, 2022.25, 2026.50, 1973.25, 1974.25, 2583142, 2876543, 0, 0
2015/8/21, 00:00:00, 1975.00, 1977.75, 1916.00, 1920.25, 4168331, 2938889, 0, 0
2015/8/24, 00:00:00, 1913.25, 1913.50, 1779.75, 1820.00, 5258752, 3076257, 0, 0
2015/8/25, 00:00:00, 1821.50, 1897.25, 1808.75, 1821.50, 3658827, 3069752, 0, 0
2015/8/26, 00:00:00, 1824.75, 1891.75, 1799.25, 1886.75, 3527300, 3073835, 0, 0
2015/8/27, 00:00:00, 1890.00, 1939.00, 1883.25, 1938.00, 2940255, 2964630, 0, 0
2015/8/28, 00:00:00, 1937.00, 1941.50, 1916.00, 1938.50, 1968514, 2979180, 0, 0
2015/8/31, 00:00:00, 1935.00, 1936.50, 1908.00, 1918.00, 1876279, 3011216, 0, 0
2015/9/1, 00:00:00, 1914.25, 1915.00, 1847.50, 1864.75, 2822050, 3112082, 0, 0
2015/9/2, 00:00:00, 1862.25, 1897.75, 1856.00, 1895.75, 2178629, 3096800, 0, 0
2015/9/3, 00:00:00, 1896.25, 1922.25, 1890.75, 1894.75, 2054305, 3083716, 0, 0
2015/9/4, 00:00:00, 1896.00, 1898.00, 1856.50, 1870.50, 2138986, 3137489, 0, 0
2015/9/8, 00:00:00, 1865.50, 1917.50, 1864.50, 1914.50, 1880634, 3050459, 0, 0
2015/9/9, 00:00:00, 1915.25, 1940.75, 1884.25, 1891.50, 2144217, 2957340, 0, 0
2015/9/10, 00:00:00, 1892.50, 1915.50, 1876.75, 1897.50, 1023035, 806532, 0, 0
2015/9/11, 00:00:00, 1897.25, 1910.25, 1885.25, 1908.00, 1511006, 1269688, 0, 0
2015/9/14, 00:00:00, 1910.75, 1922.00, 1894.25, 1901.75, 1574502, 1747635, 0, 0
2015/9/15, 00:00:00, 1901.25, 1930.75, 1893.00, 1927.75, 2035624, 2385584, 0, 0
2015/9/16, 00:00:00, 1928.00, 1946.75, 1920.50, 1945.75, 1644800, 2665413, 0, 0
2015/9/17, 00:00:00, 1944.25, 1969.50, 1929.75, 1935.00, 2327768, 2813414, 0, 0
2015/9/18, 00:00:00, 1934.25, 1940.75, 1899.00, 1908.25, 2423501, 2876037, 0, 0
2015/9/21, 00:00:00, 1907.00, 1926.75, 1896.25, 1920.75, 1513503, 2862583, 0, 0
2015/9/22, 00:00:00, 1922.00, 1922.75, 1875.50, 1889.75, 1985152, 2876302, 0, 0
2015/9/23, 00:00:00, 1888.25, 1899.50, 1868.25, 1886.25, 1423965, 2872265, 0, 0
2015/9/24, 00:00:00, 1889.50, 1894.00, 1855.00, 1876.50, 2218286, 2864458, 0, 0
2015/9/25, 00:00:00, 1871.00, 1908.75, 1868.00, 1877.00, 2080724, 2818148, 0, 0
2015/9/28, 00:00:00, 1873.25, 1887.50, 1826.50, 1829.75, 2354063, 2885060, 0, 0
2015/9/29, 00:00:00, 1834.00, 1847.50, 1818.75, 1832.25, 2374651, 2896165, 0, 0
2015/9/30, 00:00:00, 1832.75, 1868.25, 1829.00, 1866.50, 2216643, 2867181, 0, 0
2015/10/1, 00:00:00, 1860.25, 1887.25, 1848.00, 1874.50, 2052465, 2866971, 0, 0
2015/10/2, 00:00:00, 1874.75, 1901.50, 1840.75, 1900.75, 2466082, 2898003, 0, 0
2015/10/5, 00:00:00, 1898.75, 1937.75, 1895.00, 1932.50, 1675519, 2895436, 0, 0
2015/10/6, 00:00:00, 1930.75, 1940.00, 1920.25, 1926.25, 1606289, 2894614, 0, 0
2015/10/7, 00:00:00, 1918.75, 1949.00, 1918.25, 1945.00, 1937061, 2884317, 0, 0
2015/10/8, 00:00:00, 1945.50, 1966.50, 1928.75, 1964.25, 1803978, 2917911, 0, 0
2015/10/9, 00:00:00, 1961.75, 1971.75, 1956.50, 1965.25, 1378359, 2905895, 0, 0
2015/10/12, 00:00:00, 1963.00, 1971.75, 1959.50, 1968.75, 804576, 2905112, 0, 0
2015/10/13, 00:00:00, 1969.75, 1972.50, 1949.00, 1951.75, 1518662, 2880221, 0, 0
2015/10/14, 00:00:00, 1949.25, 1959.50, 1940.25, 1941.75, 1780661, 2881542, 0, 0
2015/10/15, 00:00:00, 1943.50, 1977.25, 1942.75, 1976.75, 1731138, 2892169, 0, 0
2015/10/16, 00:00:00, 1976.00, 1984.25, 1970.00, 1983.25, 1362298, 2887889, 0, 0
2015/10/19, 00:00:00, 1982.25, 1985.75, 1972.00, 1985.25, 1306548, 2890340, 0, 0
2015/10/20, 00:00:00, 1984.25, 1989.25, 1976.25, 1978.25, 1276349, 2896843, 0, 0
2015/10/21, 00:00:00, 1977.50, 1992.00, 1965.25, 1966.25, 1791221, 2890408, 0, 0
2015/10/22, 00:00:00, 1968.25, 2013.75, 1966.25, 2010.75, 2099217, 2857210, 0, 0
2015/10/23, 00:00:00, 2012.00, 2032.25, 2011.00, 2023.75, 2067465, 2788563, 0, 0
2015/10/26, 00:00:00, 2023.75, 2025.75, 2015.25, 2020.00, 1184323, 2754513, 0, 0
2015/10/27, 00:00:00, 2021.50, 2022.50, 2009.00, 2018.25, 1243601, 2757750, 0, 0
2015/10/28, 00:00:00, 2019.75, 2043.00, 2013.25, 2042.25, 1888636, 0, 0, 0
2015/10/29, 00:00:00, 2038.75, 2044.25, 2031.00, 2040.75, 1407730, 2779503, 0, 0
2015/10/30, 00:00:00, 2042.50, 2052.50, 2027.50, 2031.50, 1751269, 2748794, 0, 0
2015/11/2, 00:00:00, 2030.75, 2057.75, 2022.00, 2053.25, 1284044, 2774901, 0, 0
2015/11/3, 00:00:00, 2051.00, 2068.00, 2046.75, 2060.75, 1348316, 2764810, 0, 0
2015/11/4, 00:00:00, 2060.25, 2067.50, 2048.25, 2052.50, 1546504, 2767546, 0, 0
2015/11/5, 00:00:00, 2053.25, 2062.50, 2041.75, 2051.75, 1538081, 2773738, 0, 0
2015/11/6, 00:00:00, 2052.50, 2056.75, 2035.25, 2051.50, 1846631, 2780419, 0, 0
2015/11/9, 00:00:00, 2049.75, 2055.50, 2019.75, 2030.75, 1856213, 2816439, 0, 0
2015/11/10, 00:00:00, 2030.00, 2036.75, 2022.25, 2035.75, 1286098, 2826631, 0, 0
2015/11/11, 00:00:00, 2034.25, 2045.00, 2025.50, 2026.75, 1171396, 2810012, 0, 0
2015/11/12, 00:00:00, 2026.25, 2035.25, 1997.25, 1998.25, 1807653, 2804669, 0, 0
2015/11/13, 00:00:00, 1998.25, 2003.75, 1969.25, 1976.25, 2128939, 2819215, 0, 0
2015/11/16, 00:00:00, 1964.25, 2008.75, 1956.25, 2005.75, 1711062, 2803541, 0, 0
2015/11/17, 00:00:00, 2006.75, 2021.25, 1999.25, 2006.75, 1621036, 2771239, 0, 0
2015/11/18, 00:00:00, 2007.50, 2040.25, 2000.75, 2037.50, 1543330, 2788869, 0, 0
2015/11/19, 00:00:00, 2036.00, 2047.00, 2033.00, 2037.00, 1284869, 2790570, 0, 0
2015/11/20, 00:00:00, 2036.00, 2052.25, 2033.75, 2046.50, 1273905, 2751554, 0, 0
2015/11/23, 00:00:00, 2047.50, 2050.75, 2036.00, 2042.00, 976103, 2759407, 0, 0
2015/11/24, 00:00:00, 2040.75, 2049.25, 2023.25, 2042.50, 1517871, 2756429, 0, 0
2015/11/25, 00:00:00, 2041.75, 2050.25, 2040.00, 2045.75, 746319, 2761335, 0, 0
2015/11/27, 00:00:00, 2047.75, 2056.00, 2039.25, 2047.75, 653387, 2763546, 0, 0
2015/11/30, 00:00:00, 2047.25, 2052.75, 2036.25, 2037.50, 1389020, 2764688, 0, 0
2015/12/1, 00:00:00, 2043.25, 2059.25, 2041.25, 2057.75, 1482186, 2759024, 0, 0
2015/12/2, 00:00:00, 2057.25, 2062.75, 2032.75, 2039.25, 1725833, 2741368, 0, 0
2015/12/3, 00:00:00, 2041.00, 2053.00, 1997.75, 2009.00, 2655148, 2748380, 0, 0
2015/12/4, 00:00:00, 2011.00, 2050.75, 2004.50, 2046.25, 2269530, 2668096, 0, 0
2015/12/7, 00:00:00, 2050.00, 2053.25, 2022.25, 2038.75, 1699318, 2642562, 0, 0
2015/12/8, 00:00:00, 2037.75, 2039.25, 2008.00, 2016.50, 2005017, 2624311, 0, 0
2015/12/9, 00:00:00, 2017.25, 2037.50, 1992.00, 1999.75, 2660114, 0, 0, 0
2015/12/10, 00:00:00, 2003.50, 2025.00, 2002.00, 2007.25, 783692, 787824, 0, 0
2015/12/11, 00:00:00, 2008.75, 2014.00, 1962.50, 1967.50, 2345329, 1264033, 0, 0
2015/12/14, 00:00:00, 1967.75, 1985.75, 1949.50, 1975.75, 2652781, 1775616, 0, 0
2015/12/15, 00:00:00, 1979.25, 2012.00, 1976.25, 2003.25, 2156216, 0, 0, 0
2015/12/16, 00:00:00, 2003.75, 2035.00, 1997.25, 2030.00, 2035482, 2448737, 0, 0
2015/12/17, 00:00:00, 2027.00, 2039.00, 1989.00, 1991.00, 2114912, 2525720, 0, 0
2015/12/18, 00:00:00, 1990.25, 1996.00, 1957.25, 1958.25, 2118900, 2570329, 0, 0
2015/12/21, 00:00:00, 1963.50, 1985.75, 1961.50, 1981.25, 1275266, 2561504, 0, 0
2015/12/22, 00:00:00, 1983.25, 2002.75, 1973.50, 2002.25, 1144898, 2542077, 0, 0
2015/12/23, 00:00:00, 2000.25, 2024.00, 1997.00, 2019.25, 1003982, 2512689, 0, 0
2015/12/24, 00:00:00, 2019.00, 2026.00, 2015.25, 2017.50, 325205, 2490347, 0, 0
2015/12/28, 00:00:00, 2017.50, 2020.75, 2001.50, 2015.00, 696448, 2490832, 0, 0
2015/12/29, 00:00:00, 2016.00, 2040.75, 2013.75, 2039.00, 832686, 2496174, 0, 0
2015/12/30, 00:00:00, 2038.25, 2041.25, 2019.75, 2020.75, 720601, 2486459, 0, 0
2015/12/31, 00:00:00, 2021.50, 2024.00, 1996.50, 2001.75, 1029390, 2492297, 0, 0
2016/1/4, 00:00:00, 2004.00, 2009.75, 1946.50, 1975.25, 2216549, 2569569, 0, 0
2016/1/5, 00:00:00, 1975.25, 1983.25, 1958.50, 1978.00, 1688974, 2562248, 0, 0
2016/1/6, 00:00:00, 1977.00, 1979.50, 1936.75, 1952.25, 2237518, 2579137, 0, 0
2016/1/7, 00:00:00, 1954.00, 1957.25, 1894.75, 1899.25, 2969295, 2610790, 0, 0
2016/1/8, 00:00:00, 1902.75, 1931.00, 1876.25, 1877.75, 2694404, 2679953, 0, 0
2016/1/11, 00:00:00, 1875.50, 1895.25, 1858.75, 1880.50, 2490336, 2718509, 0, 0
2016/1/12, 00:00:00, 1879.75, 1906.50, 1865.25, 1891.25, 2428110, 2728789, 0, 0
2016/1/13, 00:00:00, 1888.75, 1912.75, 1844.25, 1847.75, 2899958, 2767647, 0, 0
2016/1/14, 00:00:00, 1850.00, 1893.75, 1837.25, 1880.75, 3045826, 2774821, 0, 0
2016/1/15, 00:00:00, 1879.75, 1886.00, 1815.50, 1841.25, 3441956, 2848559, 0, 0
2016/1/19, 00:00:00, 1836.00, 1873.75, 1822.50, 1839.25, 2796679, 2841234, 0, 0
2016/1/20, 00:00:00, 1838.00, 1844.75, 1770.50, 1821.25, 3929776, 2867832, 0, 0
2016/1/21, 00:00:00, 1821.00, 1849.50, 1802.50, 1827.25, 2729407, 2850850, 0, 0
2016/1/22, 00:00:00, 1824.75, 1868.50, 1822.00, 1865.50, 2106526, 2841461, 0, 0
2016/1/25, 00:00:00, 1865.75, 1870.50, 1822.00, 1836.50, 1640401, 2862213, 0, 0
2016/1/26, 00:00:00, 1838.00, 1866.00, 1817.50, 1862.25, 1780235, 2870149, 0, 0
2016/1/27, 00:00:00, 1851.50, 1876.25, 1830.75, 1841.25, 2113363, 2897826, 0, 0
2016/1/28, 00:00:00, 1846.25, 1868.75, 1832.00, 1847.00, 2254109, 2872487, 0, 0
2016/1/29, 00:00:00, 1845.00, 1899.25, 1842.75, 1896.25, 2406399, 2878549, 0, 0
2016/2/1, 00:00:00, 1896.00, 1906.25, 1878.75, 1897.50, 1748062, 2888962, 0, 0
2016/2/2, 00:00:00, 1894.75, 1895.50, 1855.25, 1863.75, 2102411, 2941058, 0, 0
2016/2/3, 00:00:00, 1861.25, 1878.50, 1831.25, 1874.75, 2841210, 0, 0, 0
2016/2/4, 00:00:00, 1874.00, 1888.50, 1856.50, 1874.00, 2255360, 2940610, 0, 0
2016/2/5, 00:00:00, 1871.50, 1880.75, 1832.00, 1841.50, 2320680, 2998346, 0, 0
2016/2/8, 00:00:00, 1842.50, 1850.75, 1788.00, 1818.25, 2674512, 3020294, 0, 0
2016/2/9, 00:00:00, 1816.00, 1830.00, 1792.00, 1814.50, 2792208, 3002017, 0, 0
2016/2/10, 00:00:00, 1816.25, 1844.00, 1804.75, 1813.00, 2359881, 3001438, 0, 0
2016/2/11, 00:00:00, 1808.50, 1813.50, 1768.75, 1790.75, 3203999, 3021157, 0, 0
2016/2/12, 00:00:00, 1793.50, 1827.00, 1788.75, 1824.50, 2018154, 2994392, 0, 0
2016/2/16, 00:00:00, 1831.50, 1859.00, 1831.25, 1855.00, 2034059, 3003822, 0, 0
2016/2/17, 00:00:00, 1854.50, 1894.25, 1847.75, 1889.00, 1854185, 2983644, 0, 0
2016/2/18, 00:00:00, 1893.00, 1899.75, 1877.50, 1882.75, 1615605, 2975816, 0, 0
2016/2/19, 00:00:00, 1883.75, 1889.00, 1864.75, 1880.75, 1616647, 2974705, 0, 0
2016/2/22, 00:00:00, 1877.25, 1910.00, 1874.50, 1902.50, 1425321, 2985993, 0, 0
2016/2/23, 00:00:00, 1900.25, 1904.25, 1880.00, 1882.25, 1600879, 2986569, 0, 0
2016/2/24, 00:00:00, 1880.25, 1900.00, 1853.00, 1896.50, 2315370, 3001982, 0, 0
2016/2/25, 00:00:00, 1899.25, 1917.75, 1886.50, 1916.75, 1844284, 3023219, 0, 0
2016/2/26, 00:00:00, 1915.25, 1935.00, 1907.50, 1909.00, 1876651, 3014453, 0, 0
2016/2/29, 00:00:00, 1909.25, 1922.50, 1892.75, 1895.75, 1826411, 3014983, 0, 0
2016/3/1, 00:00:00, 1894.25, 1944.75, 1887.00, 1944.25, 2035550, 3008297, 0, 0
2016/3/2, 00:00:00, 1942.50, 1951.00, 1932.50, 1949.75, 1821662, 3008594, 0, 0
2016/3/3, 00:00:00, 1948.00, 1958.75, 1941.00, 1956.75, 1555391, 3018684, 0, 0
2016/3/4, 00:00:00, 1957.25, 1973.75, 1950.25, 1961.25, 2247812, 3012243, 0, 0
2016/3/7, 00:00:00, 1960.75, 1970.75, 1950.75, 1965.25, 1633347, 3005808, 0, 0
2016/3/8, 00:00:00, 1965.25, 1966.50, 1942.25, 1947.25, 1931272, 2931226, 0, 0
2016/3/9, 00:00:00, 1948.00, 1960.25, 1944.25, 1955.25, 1744984, 2746033, 0, 0
2016/3/10, 00:00:00, 1956.25, 1976.25, 1933.25, 1954.75, 1048138, 875859, 0, 0
2016/3/11, 00:00:00, 1955.00, 1988.00, 1953.25, 1985.75, 1828591, 1329369, 0, 0
2016/3/14, 00:00:00, 1984.75, 1990.25, 1977.25, 1984.50, 1651775, 1761358, 0, 0
2016/3/15, 00:00:00, 1984.50, 1985.25, 1970.25, 1981.75, 1910850, 2333364, 0, 0
2016/3/16, 00:00:00, 1982.00, 1998.00, 1972.25, 1992.50, 2043775, 2630307, 0, 0
2016/3/17, 00:00:00, 1992.25, 2012.00, 1981.00, 2005.50, 2136877, 2781180, 0, 0
2016/3/18, 00:00:00, 2006.50, 2018.00, 2002.25, 2012.75, 1775664, 2810412, 0, 0
2016/3/21, 00:00:00, 2011.75, 2019.75, 2006.25, 2018.00, 1278261, 2804277, 0, 0
2016/3/22, 00:00:00, 2018.50, 2022.75, 2004.00, 2017.75, 1496196, 2811527, 0, 0
2016/3/23, 00:00:00, 2018.25, 2020.50, 2000.50, 2004.00, 1557185, 2811251, 0, 0
2016/3/24, 00:00:00, 2003.25, 2005.50, 1987.50, 2003.75, 1524072, 2802444, 0, 0
2016/3/28, 00:00:00, 2005.50, 2015.00, 1997.25, 2003.25, 907834, 2808249, 0, 0
2016/3/29, 00:00:00, 2003.00, 2024.50, 1994.50, 2022.75, 1549483, 2839325, 0, 0
2016/3/30, 00:00:00, 2023.75, 2039.75, 2022.00, 2030.50, 1627085, 2857423, 0, 0
2016/3/31, 00:00:00, 2030.75, 2035.00, 2022.50, 2026.75, 1736311, 2840616, 0, 0
2016/4/1, 00:00:00, 2028.00, 2042.25, 2010.50, 2040.25, 2051323, 2868902, 0, 0
2016/4/4, 00:00:00, 2039.25, 2046.75, 2029.50, 2032.75, 1380117, 2854772, 0, 0
2016/4/5, 00:00:00, 2030.75, 2030.75, 2009.50, 2014.00, 1827488, 2855118, 0, 0
2016/4/6, 00:00:00, 2017.25, 2035.75, 2010.25, 2035.50, 1894599, 2853456, 0, 0
2016/4/7, 00:00:00, 2035.00, 2037.25, 2001.25, 2010.25, 2052195, 2866053, 0, 0
2016/4/8, 00:00:00, 2009.75, 2029.50, 2005.50, 2016.00, 1768420, 2847223, 0, 0
2016/4/11, 00:00:00, 2016.25, 2031.75, 2007.75, 2009.75, 1679757, 2856177, 0, 0
2016/4/12, 00:00:00, 2007.75, 2033.75, 2004.50, 2031.00, 1831285, 2841320, 0, 0
2016/4/13, 00:00:00, 2030.50, 2052.25, 2029.25, 2051.25, 1637033, 2848286, 0, 0
2016/4/14, 00:00:00, 2051.50, 2057.00, 2043.75, 2051.75, 1363745, 2845632, 0, 0
2016/4/15, 00:00:00, 2053.00, 2055.25, 2044.75, 2050.25, 1230494, 2824244, 0, 0
2016/4/18, 00:00:00, 2039.50, 2064.00, 2033.75, 2062.00, 1400343, 2852963, 0, 0
2016/4/19, 00:00:00, 2060.50, 2073.75, 2060.00, 2069.00, 1565161, 2851161, 0, 0
2016/4/20, 00:00:00, 2069.50, 2080.50, 2061.00, 2073.25, 1464683, 2857101, 0, 0
2016/4/21, 00:00:00, 2073.00, 2079.25, 2054.00, 2058.00, 1638276, 2826367, 0, 0
2016/4/22, 00:00:00, 2055.00, 2064.25, 2050.25, 2061.25, 1497994, 2844218, 0, 0
2016/4/25, 00:00:00, 2066.75, 2066.75, 2046.25, 2058.50, 1280888, 2847329, 0, 0
2016/4/26, 00:00:00, 2059.50, 2066.50, 2054.75, 2063.75, 1225834, 2842322, 0, 0
2016/4/27, 00:00:00, 2057.50, 2069.25, 2051.50, 2066.00, 1420203, 2837325, 0, 0
2016/4/28, 00:00:00, 2067.75, 2069.50, 2040.50, 2047.75, 1938653, 2820781, 0, 0
2016/4/29, 00:00:00, 2049.00, 2051.25, 2021.00, 2034.25, 2419757, 2773168, 0, 0
2016/5/2, 00:00:00, 2036.00, 2052.75, 2030.75, 2049.50, 1306173, 2775854, 0, 0
2016/5/3, 00:00:00, 2050.75, 2051.50, 2023.25, 2032.25, 1827577, 2776044, 0, 0
2016/5/4, 00:00:00, 2032.75, 2035.50, 2014.25, 2022.25, 1557981, 2793137, 0, 0
2016/5/5, 00:00:00, 2021.75, 2035.25, 2014.75, 2019.25, 1433289, 2793851, 0, 0
2016/5/6, 00:00:00, 2018.75, 2029.75, 2005.75, 2028.00, 1813432, 2784714, 0, 0
2016/5/9, 00:00:00, 2028.25, 2035.00, 2023.50, 2029.50, 1370423, 2786287, 0, 0
2016/5/10, 00:00:00, 2029.25, 2055.00, 2023.25, 2052.75, 1416966, 2818389, 0, 0
2016/5/11, 00:00:00, 2052.50, 2054.00, 2032.75, 2033.25, 1471852, 2791285, 0, 0
2016/5/12, 00:00:00, 2034.25, 2048.00, 2023.75, 2034.00, 1799103, 2788453, 0, 0
2016/5/13, 00:00:00, 2034.50, 2038.75, 2013.75, 2018.75, 1878403, 2795106, 0, 0
2016/5/16, 00:00:00, 2016.50, 2043.75, 2010.25, 2038.00, 1421736, 2807176, 0, 0
2016/5/17, 00:00:00, 2037.25, 2044.75, 2012.00, 2018.75, 1988181, 2803597, 0, 0
2016/5/18, 00:00:00, 2019.00, 2033.00, 2006.00, 2016.75, 2085972, 2825083, 0, 0
2016/5/19, 00:00:00, 2018.75, 2020.00, 1997.25, 2014.00, 2055973, 2849694, 0, 0
2016/5/20, 00:00:00, 2014.00, 2030.75, 2012.50, 2025.25, 1583721, 2883517, 0, 0
2016/5/23, 00:00:00, 2028.50, 2031.25, 2018.75, 2020.50, 1183296, 2890979, 0, 0
2016/5/24, 00:00:00, 2020.25, 2052.50, 2016.50, 2050.25, 1603195, 2921127, 0, 0
2016/5/25, 00:00:00, 2050.25, 2067.75, 2048.75, 2062.50, 1442270, 2921940, 0, 0
2016/5/26, 00:00:00, 2064.00, 2067.00, 2057.75, 2065.00, 968439, 2915095, 0, 0
2016/5/27, 00:00:00, 2065.75, 2074.00, 2063.25, 2072.50, 1035175, 2923990, 0, 0
2016/5/31, 00:00:00, 2075.25, 2079.00, 2061.25, 2070.25, 1631254, 2920359, 0, 0
2016/6/1, 00:00:00, 2069.25, 2074.50, 2058.50, 2073.25, 1317565, 2929830, 0, 0
2016/6/2, 00:00:00, 2072.00, 2080.00, 2062.00, 2079.00, 1299962, 2962011, 0, 0
2016/6/3, 00:00:00, 2078.75, 2081.25, 2058.00, 2073.00, 1746160, 2982125, 0, 0
2016/6/6, 00:00:00, 2072.75, 2087.50, 2069.25, 2083.50, 1272974, 2969778, 0, 0
2016/6/7, 00:00:00, 2083.50, 2093.25, 2081.75, 2085.50, 1125951, 2946364, 0, 0
2016/6/8, 00:00:00, 2085.50, 2095.00, 2081.75, 2093.25, 1308451, 2850221, 0, 0
2016/6/9, 00:00:00, 2093.00, 2094.00, 2081.75, 2089.75, 785978, 776981, 0, 0
2016/6/10, 00:00:00, 2089.00, 2089.25, 2064.00, 2071.75, 1799239, 1213016, 0, 0
2016/6/13, 00:00:00, 2065.50, 2073.75, 2051.00, 2054.25, 2515271, 1865658, 0, 0
2016/6/14, 00:00:00, 2051.75, 2057.25, 2039.25, 2050.50, 2770212, 2419029, 0, 0
2016/6/15, 00:00:00, 2049.00, 2064.00, 2044.25, 2048.00, 1917677, 2680115, 0, 0
2016/6/16, 00:00:00, 2047.00, 2056.00, 2025.25, 2055.00, 2446637, 2759833, 0, 0
2016/6/17, 00:00:00, 2053.25, 2059.25, 2037.75, 2043.50, 1833560, 2774441, 0, 0
2016/6/20, 00:00:00, 2055.50, 2077.00, 2054.75, 2058.75, 1598465, 2781532, 0, 0
2016/6/21, 00:00:00, 2063.50, 2070.50, 2058.50, 2065.00, 1400709, 2769327, 0, 0
2016/6/22, 00:00:00, 2063.75, 2075.75, 2059.75, 2061.25, 1419838, 2779028, 0, 0
2016/6/23, 00:00:00, 2067.50, 2097.75, 2067.50, 2090.25, 1314510, 2767191, 0, 0
2016/6/24, 00:00:00, 2100.25, 2104.00, 1983.50, 2003.00, 4174598, 2936291, 0, 0
2016/6/27, 00:00:00, 1998.25, 2007.00, 1966.00, 1969.50, 3021015, 2971282, 0, 0
2016/6/28, 00:00:00, 1967.00, 2014.25, 1966.75, 2013.00, 2285755, 2938555, 0, 0
2016/6/29, 00:00:00, 2012.75, 2059.25, 2007.25, 2051.25, 2065151, 3014342, 0, 0
2016/6/30, 00:00:00, 2056.75, 2075.75, 2041.00, 2074.75, 2301226, 2999878, 0, 0
2016/7/1, 00:00:00, 2071.00, 2085.25, 2066.00, 2080.75, 1665376, 2964059, 0, 0
2016/7/5, 00:00:00, 2084.25, 2089.25, 2057.00, 2067.25, 1862935, 2990285, 0, 0
2016/7/6, 00:00:00, 2068.50, 2079.00, 2050.25, 2078.50, 2054794, 2991181, 0, 0
2016/7/7, 00:00:00, 2076.50, 2086.50, 2066.25, 2076.50, 1666356, 2972636, 0, 0
2016/7/8, 00:00:00, 2076.50, 2110.00, 2072.00, 2105.00, 1962358, 2990354, 0, 0
2016/7/11, 00:00:00, 2104.75, 2121.25, 2104.50, 2114.75, 1467322, 2989265, 0, 0
2016/7/12, 00:00:00, 2115.25, 2133.75, 2113.00, 2130.25, 1704053, 2954643, 0, 0
2016/7/13, 00:00:00, 2130.25, 2136.75, 2124.00, 2130.50, 1633489, 2971143, 0, 0
2016/7/14, 00:00:00, 2129.75, 2152.50, 2127.25, 2141.75, 1782561, 2972196, 0, 0
2016/7/15, 00:00:00, 2141.00, 2149.25, 2127.75, 2137.25, 1518276, 2929258, 0, 0
2016/7/18, 00:00:00, 2139.00, 2147.75, 2137.25, 2144.50, 1205765, 2948315, 0, 0
2016/7/19, 00:00:00, 2144.50, 2145.25, 2135.75, 2143.25, 1151631, 2949823, 0, 0
2016/7/20, 00:00:00, 2143.50, 2154.25, 2139.75, 2152.00, 1134131, 2941964, 0, 0
2016/7/21, 00:00:00, 2152.75, 2154.75, 2138.00, 2142.50, 1300678, 2924164, 0, 0
2016/7/22, 00:00:00, 2143.50, 2153.75, 2140.50, 2152.00, 1133059, 2948052, 0, 0
2016/7/25, 00:00:00, 2152.25, 2157.00, 2140.25, 2146.75, 1264905, 2933070, 0, 0
2016/7/26, 00:00:00, 2147.25, 2152.50, 2138.25, 2147.75, 1609035, 2934771, 0, 0
2016/7/27, 00:00:00, 2150.50, 2153.75, 2136.50, 2145.00, 1642569, 2924284, 0, 0
2016/7/28, 00:00:00, 2147.25, 2153.00, 2138.00, 2149.25, 1622142, 2925225, 0, 0
2016/7/29, 00:00:00, 2150.00, 2156.25, 2142.00, 2152.75, 1718155, 2881534, 0, 0
2016/8/1, 00:00:00, 2158.50, 2162.25, 2144.25, 2149.00, 1659094, 2894206, 0, 0
2016/8/2, 00:00:00, 2150.50, 2155.50, 2126.00, 2137.25, 1958950, 2902982, 0, 0
2016/8/3, 00:00:00, 2136.75, 2142.75, 2129.75, 2141.50, 1371176, 2900807, 0, 0
2016/8/4, 00:00:00, 2141.25, 2148.75, 2138.50, 2143.75, 1239577, 2885181, 0, 0
2016/8/5, 00:00:00, 2144.00, 2163.00, 2143.75, 2161.25, 1370482, 2882132, 0, 0
2016/8/8, 00:00:00, 2160.50, 2167.50, 2157.75, 2160.00, 970557, 2855905, 0, 0
2016/8/9, 00:00:00, 2160.50, 2168.00, 2158.25, 2162.00, 1191826, 2877471, 0, 0
2016/8/10, 00:00:00, 2162.50, 2166.00, 2152.25, 2157.25, 1371937, 2892125, 0, 0
2016/8/11, 00:00:00, 2157.00, 2169.75, 2154.50, 2166.25, 1326004, 2894148, 0, 0
2016/8/12, 00:00:00, 2166.25, 2168.50, 2160.00, 2164.75, 1270055, 2893992, 0, 0
2016/8/15, 00:00:00, 2165.25, 2175.25, 2165.00, 2170.50, 1090675, 2918800, 0, 0
2016/8/16, 00:00:00, 2170.50, 2170.75, 2159.75, 2161.25, 1391768, 2892388, 0, 0
2016/8/17, 00:00:00, 2162.00, 2166.50, 2150.00, 2164.25, 1702425, 2895653, 0, 0
2016/8/18, 00:00:00, 2165.25, 2169.00, 2160.75, 2168.00, 1201115, 2910049, 0, 0
2016/8/19, 00:00:00, 2168.00, 2168.75, 2157.00, 2166.25, 1431860, 2911683, 0, 0
2016/8/22, 00:00:00, 2166.25, 2169.00, 2158.00, 2166.00, 1543249, 2920136, 0, 0
2016/8/23, 00:00:00, 2165.25, 2176.00, 2163.75, 2169.75, 1125503, 2940595, 0, 0
2016/8/24, 00:00:00, 2170.25, 2172.25, 2153.25, 2159.50, 1508048, 2941003, 0, 0
2016/8/25, 00:00:00, 2159.50, 2161.75, 2152.00, 2158.00, 1501328, 2938857, 0, 0
2016/8/26, 00:00:00, 2158.50, 2171.25, 2142.00, 2153.00, 2535682, 2944282, 0, 0
2016/8/29, 00:00:00, 2152.25, 2166.75, 2149.00, 2163.75, 1245215, 2971033, 0, 0
2016/8/30, 00:00:00, 2164.50, 2166.00, 2153.00, 2159.75, 1372345, 2947680, 0, 0
2016/8/31, 00:00:00, 2160.25, 2160.75, 2144.00, 2154.00, 1864629, 2969745, 0, 0
2016/9/1, 00:00:00, 2153.50, 2161.75, 2139.25, 2151.75, 1943431, 2968916, 0, 0
2016/9/2, 00:00:00, 2150.75, 2168.25, 2148.75, 2162.50, 1700143, 2959084, 0, 0
2016/9/6, 00:00:00, 2163.75, 2170.75, 2157.50, 2169.00, 1627643, 2937524, 0, 0
2016/9/7, 00:00:00, 2169.75, 2171.25, 2162.00, 2169.00, 1459543, 2897892, 0, 0
2016/9/8, 00:00:00, 2169.00, 2173.75, 2160.25, 2162.00, 866144, 826592, 0, 0
2016/9/9, 00:00:00, 2161.25, 2162.75, 2104.25, 2107.00, 2818480, 1446823, 0, 0
2016/9/12, 00:00:00, 2106.25, 2147.00, 2091.25, 2143.00, 3327280, 1985223, 0, 0
2016/9/13, 00:00:00, 2141.50, 2141.75, 2103.25, 2113.25, 3724471, 2442135, 0, 0
2016/9/14, 00:00:00, 2116.00, 2125.50, 2103.00, 2104.25, 2546136, 2691473, 0, 0
2016/9/15, 00:00:00, 2106.00, 2135.50, 2098.75, 2129.00, 2301296, 2818070, 0, 0
2016/9/16, 00:00:00, 2127.50, 2128.00, 2114.00, 2123.50, 2064530, 2860255, 0, 0
2016/9/19, 00:00:00, 2123.25, 2137.75, 2118.75, 2124.00, 1527880, 2886280, 0, 0
2016/9/20, 00:00:00, 2124.75, 2134.50, 2120.00, 2122.00, 1385876, 2895223, 0, 0
2016/9/21, 00:00:00, 2121.00, 2148.50, 2117.25, 2147.25, 1826950, 2907266, 0, 0
2016/9/22, 00:00:00, 2147.25, 2163.75, 2143.75, 2159.25, 1523998, 2912107, 0, 0
2016/9/23, 00:00:00, 2159.25, 2160.50, 2147.00, 2149.00, 1448300, 2905516, 0, 0
2016/9/26, 00:00:00, 2147.25, 2150.50, 2127.75, 2130.75, 1602771, 2885941, 0, 0
2016/9/27, 00:00:00, 2130.25, 2145.00, 2123.75, 2143.75, 1659780, 2880648, 0, 0
2016/9/28, 00:00:00, 2143.00, 2156.25, 2135.00, 2154.25, 1733016, 2895144, 0, 0
2016/9/29, 00:00:00, 2153.25, 2158.00, 2128.25, 2139.50, 2306654, 2894929, 0, 0
2016/9/30, 00:00:00, 2136.75, 2159.25, 2126.75, 2151.50, 1989690, 2898001, 0, 0
2016/10/3, 00:00:00, 2149.75, 2155.00, 2137.75, 2144.25, 1406125, 2878657, 0, 0
2016/10/4, 00:00:00, 2144.75, 2150.75, 2127.00, 2135.75, 2143439, 2912290, 0, 0
2016/10/5, 00:00:00, 2135.25, 2149.00, 2132.00, 2144.25, 1369566, 2921730, 0, 0
2016/10/6, 00:00:00, 2144.25, 2148.25, 2134.25, 2147.50, 1209239, 2920563, 0, 0
2016/10/7, 00:00:00, 2146.25, 2152.50, 2129.00, 2137.50, 1958026, 2913295, 0, 0
2016/10/10, 00:00:00, 2143.00, 2154.50, 2139.50, 2150.00, 952867, 2942901, 0, 0
2016/10/11, 00:00:00, 2150.50, 2151.75, 2112.75, 2125.50, 2243746, 2927494, 0, 0
2016/10/12, 00:00:00, 2124.00, 2131.75, 2117.25, 2122.50, 1483026, 2929169, 0, 0
2016/10/13, 00:00:00, 2118.75, 2123.25, 2098.75, 2117.25, 2195134, 2928712, 0, 0
2016/10/14, 00:00:00, 2117.25, 2134.25, 2113.25, 2118.00, 1841156, 2920332, 0, 0
2016/10/17, 00:00:00, 2117.25, 2121.00, 2107.75, 2114.00, 1251946, 2925829, 0, 0
2016/10/18, 00:00:00, 2113.50, 2130.75, 2111.25, 2123.00, 1139317, 2928096, 0, 0
2016/10/19, 00:00:00, 2122.50, 2133.50, 2117.50, 2129.00, 948475, 2944305, 0, 0
2016/10/20, 00:00:00, 2128.50, 2135.50, 2117.75, 2128.00, 1611098, 2944425, 0, 0
2016/10/21, 00:00:00, 2127.00, 2129.50, 2114.25, 2125.75, 1409837, 2968897, 0, 0
2016/10/24, 00:00:00, 2128.00, 2140.00, 2125.75, 2135.25, 1010790, 2984151, 0, 0
2016/10/25, 00:00:00, 2135.75, 2140.75, 2126.25, 2129.00, 1198210, 2979531, 0, 0
2016/10/26, 00:00:00, 2126.25, 2131.00, 2115.75, 2125.00, 1548442, 2976108, 0, 0
2016/10/27, 00:00:00, 2124.75, 2134.75, 2113.50, 2114.50, 1795356, 2985869, 0, 0
2016/10/28, 00:00:00, 2118.25, 2126.25, 2103.50, 2114.75, 2391182, 2969629, 0, 0
2016/10/31, 00:00:00, 2111.00, 2121.50, 2105.75, 2111.00, 1371713, 2977889, 0, 0
2016/11/1, 00:00:00, 2114.50, 2120.50, 2082.00, 2094.75, 2257062, 2959958, 0, 0
2016/11/2, 00:00:00, 2093.25, 2097.50, 2078.25, 2083.25, 2013595, 2930594, 0, 0
2016/11/3, 00:00:00, 2079.25, 2089.75, 2070.75, 2074.50, 1795490, 2951457, 0, 0
2016/11/4, 00:00:00, 2075.00, 2085.25, 2069.75, 2071.00, 2079129, 2916104, 0, 0
2016/11/7, 00:00:00, 2097.00, 2121.75, 2093.75, 2120.00, 1761750, 2903060, 0, 0
2016/11/8, 00:00:00, 2120.00, 2134.25, 2110.00, 2126.50, 1751369, 2896379, 0, 0
2016/11/9, 00:00:00, 2129.00, 2157.75, 2019.50, 2151.25, 5280237, 2934892, 0, 0
2016/11/10, 00:00:00, 2150.50, 2171.50, 2138.75, 2158.25, 3132340, 2927509, 0, 0
2016/11/11, 00:00:00, 2156.00, 2161.50, 2139.50, 2152.50, 1883989, 2862982, 0, 0
2016/11/14, 00:00:00, 2155.50, 2165.50, 2143.25, 2151.50, 1815339, 2858070, 0, 0
2016/11/15, 00:00:00, 2152.00, 2170.75, 2149.50, 2170.25, 1443589, 2867069, 0, 0
2016/11/16, 00:00:00, 2170.00, 2176.00, 2159.75, 2163.75, 1327887, 2892791, 0, 0
2016/11/17, 00:00:00, 2163.50, 2176.50, 2162.75, 2175.25, 1350348, 2918293, 0, 0
2016/11/18, 00:00:00, 2175.00, 2178.50, 2167.50, 2171.75, 1280719, 2932291, 0, 0
2016/11/21, 00:00:00, 2170.50, 2187.50, 2169.50, 2184.00, 1233201, 2972343, 0, 0
2016/11/22, 00:00:00, 2184.25, 2194.00, 2182.75, 2191.25, 1257560, 2975324, 0, 0
2016/11/23, 00:00:00, 2192.25, 2194.50, 2183.00, 2191.75, 1101994, 2980896, 0, 0
2016/11/25, 00:00:00, 2192.00, 2202.75, 2188.50, 2202.25, 561560, 2997249, 0, 0
2016/11/28, 00:00:00, 2199.00, 2200.50, 2189.25, 2191.75, 1371374, 2989883, 0, 0
2016/11/29, 00:00:00, 2191.25, 2200.50, 2187.25, 2194.75, 1405556, 3000528, 0, 0
2016/11/30, 00:00:00, 2194.25, 2204.75, 2188.25, 2189.75, 1960189, 2970185, 0, 0
2016/12/1, 00:00:00, 2190.50, 2194.00, 2177.00, 2183.00, 2148721, 2958961, 0, 0
2016/12/2, 00:00:00, 2181.50, 2188.25, 2175.25, 2183.00, 1682042, 2925447, 0, 0
2016/12/5, 00:00:00, 2175.00, 2199.75, 2170.00, 2195.25, 1663731, 2923523, 0, 0
2016/12/6, 00:00:00, 2196.00, 2203.00, 2191.25, 2201.00, 1483946, 2883375, 0, 0
2016/12/7, 00:00:00, 2202.25, 2232.25, 2197.75, 2227.75, 2328449, 2747403, 0, 0
2016/12/8, 00:00:00, 2227.50, 2242.25, 2224.00, 2238.75, 803345, 686875, 0, 0
2016/12/9, 00:00:00, 2237.75, 2252.00, 2236.00, 2251.00, 1609142, 1154579, 0, 0
2016/12/12, 00:00:00, 2251.50, 2261.00, 2243.00, 2246.75, 1973091, 1706174, 0, 0
2016/12/13, 00:00:00, 2246.50, 2269.25, 2244.00, 2264.00, 2325023, 2245145, 0, 0
2016/12/14, 00:00:00, 2264.25, 2268.75, 2239.25, 2248.25, 2267763, 2592645, 0, 0
2016/12/15, 00:00:00, 2248.00, 2264.00, 2243.50, 2254.75, 1976782, 2678369, 0, 0
2016/12/16, 00:00:00, 2255.75, 2260.25, 2245.75, 2251.50, 1415262, 2726523, 0, 0
2016/12/19, 00:00:00, 2252.25, 2260.00, 2250.25, 2256.25, 928690, 2732597, 0, 0
2016/12/20, 00:00:00, 2256.50, 2265.75, 2256.25, 2262.75, 814005, 2748679, 0, 0
2016/12/21, 00:00:00, 2263.50, 2264.25, 2254.25, 2256.75, 667705, 2735177, 0, 0
2016/12/22, 00:00:00, 2254.50, 2257.25, 2247.75, 2255.00, 847626, 2756335, 0, 0
2016/12/23, 00:00:00, 2253.75, 2257.25, 2250.50, 2256.25, 396535, 2755246, 0, 0
2016/12/27, 00:00:00, 2255.00, 2265.75, 2254.00, 2257.25, 498741, 2744092, 0, 0
2016/12/28, 00:00:00, 2257.50, 2263.75, 2239.75, 2241.50, 1000606, 2758174, 0, 0
2016/12/29, 00:00:00, 2241.75, 2246.25, 2235.75, 2241.25, 913220, 2752438, 0, 0
2016/12/30, 00:00:00, 2242.50, 2249.00, 2224.25, 2232.50, 1281987, 2787056, 0, 0
2017/1/3, 00:00:00, 2237.00, 2255.75, 2235.75, 2248.75, 1810351, 2799661, 0, 0
2017/1/4, 00:00:00, 2249.00, 2263.50, 2247.25, 2260.50, 1404875, 2804829, 0, 0
2017/1/5, 00:00:00, 2260.75, 2262.25, 2250.25, 2260.50, 1324035, 2807328, 0, 0
2017/1/6, 00:00:00, 2260.50, 2273.25, 2254.50, 2267.75, 1551007, 2815455, 0, 0
2017/1/9, 00:00:00, 2267.50, 2271.50, 2259.75, 2261.25, 1025182, 2814013, 0, 0
2017/1/10, 00:00:00, 2260.75, 2270.25, 2255.75, 2260.00, 1304523, 2813855, 0, 0
2017/1/11, 00:00:00, 2260.00, 2268.00, 2251.25, 2266.75, 1733727, 2812470, 0, 0
2017/1/12, 00:00:00, 2266.75, 2266.75, 2244.75, 2259.75, 1752976, 2793398, 0, 0
2017/1/13, 00:00:00, 2260.75, 2269.75, 2259.00, 2268.75, 1192660, 2803386, 0, 0
2017/1/17, 00:00:00, 2266.50, 2266.75, 2253.50, 2259.00, 1540220, 2791366, 0, 0
2017/1/18, 00:00:00, 2258.25, 2264.75, 2254.50, 2262.75, 1111992, 2790421, 0, 0
2017/1/19, 00:00:00, 2261.75, 2265.75, 2249.25, 2257.75, 1386240, 2813697, 0, 0
2017/1/20, 00:00:00, 2257.25, 2269.00, 2256.00, 2262.25, 1737181, 2793940, 0, 0
2017/1/23, 00:00:00, 2262.25, 2263.75, 2248.00, 2258.25, 1474482, 2821419, 0, 0
2017/1/24, 00:00:00, 2257.00, 2276.75, 2255.75, 2270.75, 1273116, 2847811, 0, 0
2017/1/25, 00:00:00, 2272.00, 2291.50, 2271.00, 2290.25, 1386477, 2855527, 0, 0
2017/1/26, 00:00:00, 2290.00, 2295.75, 2285.75, 2290.25, 1170427, 2835457, 0, 0
2017/1/27, 00:00:00, 2290.25, 2293.00, 2283.25, 2285.25, 942076, 2819735, 0, 0
2017/1/30, 00:00:00, 2278.25, 2282.00, 2259.50, 2272.25, 1850992, 2805447, 0, 0
2017/1/31, 00:00:00, 2272.00, 2274.50, 2258.50, 2270.75, 1628810, 2807756, 0, 0
2017/2/1, 00:00:00, 2273.25, 2281.25, 2264.50, 2270.75, 1565006, 2829202, 0, 0
2017/2/2, 00:00:00, 2271.25, 2276.00, 2260.75, 2271.75, 1414426, 2817455, 0, 0
2017/2/3, 00:00:00, 2270.25, 2290.25, 2266.75, 2287.25, 1415043, 2831500, 0, 0
2017/2/6, 00:00:00, 2289.25, 2290.50, 2279.75, 2282.75, 1164914, 2840033, 0, 0
2017/2/7, 00:00:00, 2282.50, 2291.25, 2280.25, 2284.75, 1202059, 2855102, 0, 0
2017/2/8, 00:00:00, 2282.00, 2288.25, 2277.25, 2286.50, 1283261, 2882114, 0, 0
2017/2/9, 00:00:00, 2286.75, 2304.00, 2284.00, 2300.50, 1354847, 2888499, 0, 0
2017/2/10, 00:00:00, 2300.50, 2312.00, 2299.25, 2309.00, 1177521, 2903005, 0, 0
2017/2/13, 00:00:00, 2310.50, 2325.25, 2309.50, 2322.50, 1210205, 2938992, 0, 0
2017/2/14, 00:00:00, 2322.75, 2334.00, 2316.00, 2333.25, 1390309, 2959085, 0, 0
2017/2/15, 00:00:00, 2331.75, 2347.75, 2327.50, 2346.75, 1532340, 2985535, 0, 0
2017/2/16, 00:00:00, 2346.50, 2347.00, 2333.00, 2341.75, 1737007, 2986733, 0, 0
2017/2/17, 00:00:00, 2341.25, 2345.00, 2332.75, 2344.25, 1399520, 2959348, 0, 0
2017/2/21, 00:00:00, 2342.75, 2361.25, 2342.25, 2356.25, 1653551, 2968353, 0, 0
2017/2/22, 00:00:00, 2356.25, 2360.00, 2351.50, 2357.25, 1301504, 2968035, 0, 0
2017/2/23, 00:00:00, 2358.25, 2363.75, 2349.25, 2359.00, 1556359, 2980360, 0, 0
2017/2/24, 00:00:00, 2357.75, 2362.00, 2345.75, 2361.25, 1551959, 2993230, 0, 0
2017/2/27, 00:00:00, 2359.00, 2367.00, 2357.25, 2364.50, 1156575, 3011470, 0, 0
2017/2/28, 00:00:00, 2362.00, 2365.00, 2353.75, 2359.00, 1610710, 2997859, 0, 0
2017/3/1, 00:00:00, 2360.75, 2397.25, 2359.50, 2389.75, 2171551, 3017456, 0, 0
2017/3/2, 00:00:00, 2388.50, 2390.50, 2374.25, 2378.25, 1744834, 3006952, 0, 0
2017/3/3, 00:00:00, 2376.00, 2379.50, 2370.00, 2377.50, 1357594, 3023373, 0, 0
2017/3/6, 00:00:00, 2376.50, 2377.00, 2363.25, 2371.75, 1376883, 3013897, 0, 0
2017/3/7, 00:00:00, 2367.50, 2371.75, 2360.75, 2362.75, 1303962, 2984987, 0, 0
2017/3/8, 00:00:00, 2362.00, 2369.25, 2355.75, 2360.25, 1651698, 2858334, 0, 0
2017/3/9, 00:00:00, 2360.00, 2366.00, 2350.75, 2363.00, 816870, 810266, 0, 0
2017/3/10, 00:00:00, 2364.25, 2376.00, 2358.75, 2368.25, 1865954, 1360269, 0, 0
2017/3/13, 00:00:00, 2367.50, 2371.75, 2364.50, 2371.50, 1612837, 2009462, 0, 0
2017/3/14, 00:00:00, 2370.50, 2371.25, 2354.50, 2362.75, 2014740, 2510965, 0, 0
2017/3/15, 00:00:00, 2363.25, 2387.50, 2362.75, 2380.25, 1775343, 2751526, 0, 0
2017/3/16, 00:00:00, 2379.00, 2388.50, 2373.25, 2378.75, 1616078, 2805086, 0, 0
2017/3/17, 00:00:00, 2379.00, 2382.00, 2372.50, 2375.00, 1277357, 2826536, 0, 0
2017/3/20, 00:00:00, 2373.50, 2375.75, 2365.25, 2370.00, 1076099, 2840769, 0, 0
2017/3/21, 00:00:00, 2368.75, 2378.50, 2337.75, 2342.00, 2567939, 2863550, 0, 0
2017/3/22, 00:00:00, 2340.25, 2348.50, 2332.00, 2342.25, 1883451, 2857290, 0, 0
2017/3/23, 00:00:00, 2342.00, 2355.75, 2338.00, 2339.75, 1631527, 2868912, 0, 0
2017/3/24, 00:00:00, 2340.75, 2352.50, 2331.50, 2344.50, 1600274, 2875174, 0, 0
2017/3/27, 00:00:00, 2336.75, 2341.25, 2317.50, 2338.25, 1614233, 2887081, 0, 0
2017/3/28, 00:00:00, 2340.25, 2360.25, 2333.25, 2351.25, 1623900, 2879278, 0, 0
2017/3/29, 00:00:00, 2352.75, 2359.50, 2348.50, 2356.75, 1154538, 2859571, 0, 0
2017/3/30, 00:00:00, 2356.75, 2366.50, 2353.00, 2364.25, 1164616, 2840998, 0, 0
2017/3/31, 00:00:00, 2365.25, 2366.50, 2356.50, 2359.00, 1568884, 2827140, 0, 0
2017/4/3, 00:00:00, 2357.25, 2363.00, 2339.75, 2355.75, 1716027, 2833401, 0, 0
2017/4/4, 00:00:00, 2354.00, 2358.50, 2344.50, 2356.25, 1209054, 2845954, 0, 0
2017/4/5, 00:00:00, 2358.50, 2374.75, 2343.50, 2346.25, 1938825, 2842290, 0, 0
2017/4/6, 00:00:00, 2345.25, 2361.00, 2337.75, 2353.50, 1595949, 2849681, 0, 0
2017/4/7, 00:00:00, 2355.00, 2360.50, 2336.50, 2352.00, 1473460, 2860278, 0, 0
2017/4/10, 00:00:00, 2351.50, 2363.00, 2347.25, 2352.25, 1351301, 2853258, 0, 0
2017/4/11, 00:00:00, 2354.00, 2355.50, 2333.00, 2350.75, 1856700, 2874990, 0, 0
2017/4/12, 00:00:00, 2351.50, 2356.25, 2337.25, 2340.50, 1534596, 2864722, 0, 0
2017/4/13, 00:00:00, 2338.50, 2344.75, 2323.75, 2327.25, 1587079, 2891636, 0, 0
2017/4/17, 00:00:00, 2323.75, 2345.75, 2322.50, 2344.75, 981675, 2917728, 0, 0
2017/4/18, 00:00:00, 2344.75, 2346.75, 2330.00, 2337.00, 1432200, 2902156, 0, 0
2017/4/19, 00:00:00, 2337.50, 2349.00, 2331.00, 2333.50, 1254296, 2916069, 0, 0
2017/4/20, 00:00:00, 2333.00, 2358.00, 2332.25, 2351.75, 1468523, 2931794, 0, 0
2017/4/21, 00:00:00, 2352.50, 2355.75, 2340.25, 2347.25, 1277783, 2913388, 0, 0
2017/4/24, 00:00:00, 2365.50, 2376.50, 2365.00, 2369.75, 1553985, 2930783, 0, 0
2017/4/25, 00:00:00, 2369.75, 2389.00, 2368.00, 2384.75, 1324272, 2935704, 0, 0
2017/4/26, 00:00:00, 2382.75, 2394.50, 2381.25, 2382.00, 1493096, 2938058, 0, 0
2017/4/27, 00:00:00, 2381.25, 2388.50, 2378.50, 2385.75, 1115269, 2923644, 0, 0
2017/4/28, 00:00:00, 2386.00, 2388.50, 2378.00, 2380.25, 1167297, 2912638, 0, 0
2017/5/1, 00:00:00, 2381.25, 2390.50, 2376.75, 2386.75, 906278, 2921914, 0, 0
2017/5/2, 00:00:00, 2386.00, 2388.50, 2381.50, 2385.50, 958983, 2934188, 0, 0
2017/5/3, 00:00:00, 2383.75, 2385.75, 2375.25, 2383.00, 1076558, 2956726, 0, 0
2017/5/4, 00:00:00, 2381.75, 2390.50, 2375.75, 2385.25, 1229736, 2968492, 0, 0
2017/5/5, 00:00:00, 2385.75, 2399.00, 2378.75, 2397.50, 1127621, 2962496, 0, 0
2017/5/8, 00:00:00, 2402.25, 2403.50, 2389.50, 2394.75, 957161, 2993818, 0, 0
2017/5/9, 00:00:00, 2394.25, 2399.75, 2388.50, 2393.00, 1105436, 3005154, 0, 0
2017/5/10, 00:00:00, 2391.50, 2396.75, 2387.25, 2395.00, 998859, 3021048, 0, 0
2017/5/11, 00:00:00, 2394.75, 2395.00, 2378.75, 2390.75, 1356242, 3028521, 0, 0
2017/5/12, 00:00:00, 2390.00, 2391.25, 2384.00, 2388.50, 1087422, 3042372, 0, 0
2017/5/15, 00:00:00, 2388.50, 2402.00, 2387.75, 2398.25, 1041264, 3014458, 0, 0
2017/5/16, 00:00:00, 2399.50, 2404.25, 2393.50, 2396.75, 1071111, 3022590, 0, 0
2017/5/17, 00:00:00, 2396.25, 2396.50, 2354.50, 2357.25, 2814349, 3043738, 0, 0
2017/5/18, 00:00:00, 2354.75, 2374.75, 2344.25, 2363.25, 2460956, 3013981, 0, 0
2017/5/19, 00:00:00, 2363.75, 2387.75, 2360.75, 2381.25, 1672971, 3053781, 0, 0
2017/5/22, 00:00:00, 2381.50, 2394.00, 2378.00, 2392.50, 1113022, 3021298, 0, 0
2017/5/23, 00:00:00, 2393.25, 2399.25, 2386.50, 2397.75, 1024986, 3016724, 0, 0
2017/5/24, 00:00:00, 2396.75, 2403.75, 2394.50, 2401.75, 984358, 3023636, 0, 0
2017/5/25, 00:00:00, 2402.75, 2417.50, 2402.25, 2413.25, 1315611, 3036957, 0, 0
2017/5/26, 00:00:00, 2412.75, 2415.50, 2407.75, 2413.50, 879560, 3021277, 0, 0
2017/5/30, 00:00:00, 2413.75, 2416.75, 2407.50, 2410.50, 1040285, 3016889, 0, 0
2017/5/31, 00:00:00, 2410.25, 2416.50, 2402.50, 2410.75, 1729723, 3009433, 0, 0
2017/6/1, 00:00:00, 2413.50, 2430.25, 2410.25, 2429.25, 1432385, 2994911, 0, 0
2017/6/2, 00:00:00, 2429.00, 2439.50, 2426.75, 2437.50, 1735800, 3012651, 0, 0
2017/6/5, 00:00:00, 2435.00, 2438.75, 2432.75, 2434.25, 891938, 2987026, 0, 0
2017/6/6, 00:00:00, 2434.00, 2435.50, 2426.00, 2430.50, 1353806, 2951006, 0, 0
2017/6/7, 00:00:00, 2429.25, 2434.75, 2423.75, 2431.75, 1431930, 2833510, 0, 0
2017/6/8, 00:00:00, 2431.25, 2437.75, 2426.00, 2431.25, 637421, 643602, 0, 0
2017/6/9, 00:00:00, 2426.25, 2444.50, 2413.50, 2429.25, 2096199, 1173137, 0, 0
2017/6/12, 00:00:00, 2429.00, 2429.75, 2417.75, 2427.50, 2175655, 1854267, 0, 0
2017/6/13, 00:00:00, 2427.50, 2440.25, 2426.25, 2439.00, 1923275, 2433721, 0, 0
2017/6/14, 00:00:00, 2439.25, 2444.25, 2426.75, 2436.25, 1818280, 2689253, 0, 0
2017/6/15, 00:00:00, 2434.75, 2435.50, 2417.25, 2433.00, 1874682, 2814642, 0, 0
2017/6/16, 00:00:00, 2432.25, 2437.75, 2421.25, 2432.00, 1336684, 2844602, 0, 0
2017/6/19, 00:00:00, 2434.50, 2452.50, 2433.75, 2448.50, 1223334, 2840491, 0, 0
2017/6/20, 00:00:00, 2448.75, 2452.00, 2435.00, 2438.50, 1332027, 2807910, 0, 0
2017/6/21, 00:00:00, 2436.75, 2441.00, 2429.00, 2434.50, 1374762, 2811556, 0, 0
2017/6/22, 00:00:00, 2432.75, 2440.00, 2429.00, 2432.75, 1056822, 2820925, 0, 0
2017/6/23, 00:00:00, 2432.25, 2439.75, 2429.25, 2436.00, 1197448, 2833023, 0, 0
2017/6/26, 00:00:00, 2433.00, 2448.50, 2431.00, 2437.00, 1265812, 2836678, 0, 0
2017/6/27, 00:00:00, 2436.75, 2438.25, 2417.50, 2421.50, 1639883, 2858564, 0, 0
2017/6/28, 00:00:00, 2418.00, 2443.50, 2414.75, 2439.50, 1560424, 2839741, 0, 0
2017/6/29, 00:00:00, 2443.00, 2446.00, 2403.25, 2421.00, 2337789, 2839900, 0, 0
2017/6/30, 00:00:00, 2421.75, 2430.75, 2416.00, 2422.00, 1638217, 2839439, 0, 0
2017/7/3, 00:00:00, 2423.00, 2437.50, 2422.50, 2426.00, 766228, 2829039, 0, 0
2017/7/5, 00:00:00, 2424.75, 2433.25, 2420.25, 2429.00, 1287423, 2829632, 0, 0
2017/7/6, 00:00:00, 2429.00, 2431.50, 2406.25, 2409.50, 1603746, 2824775, 0, 0
2017/7/7, 00:00:00, 2410.25, 2426.00, 2408.50, 2423.50, 1266391, 2820247, 0, 0
2017/7/10, 00:00:00, 2424.00, 2431.00, 2420.25, 2425.50, 861222, 2822091, 0, 0
2017/7/11, 00:00:00, 2424.75, 2428.75, 2411.25, 2425.50, 1132273, 2817389, 0, 0
2017/7/12, 00:00:00, 2426.00, 2444.75, 2423.50, 2441.00, 1163339, 2851150, 0, 0
2017/7/13, 00:00:00, 2442.25, 2448.00, 2440.00, 2446.50, 941061, 2854397, 0, 0
2017/7/14, 00:00:00, 2447.50, 2462.25, 2443.00, 2457.00, 1091078, 2865849, 0, 0
2017/7/17, 00:00:00, 2458.00, 2461.50, 2455.00, 2459.50, 862469, 2866491, 0, 0
2017/7/18, 00:00:00, 2460.25, 2462.00, 2449.00, 2458.75, 1091158, 2885191, 0, 0
2017/7/19, 00:00:00, 2460.75, 2473.00, 2458.75, 2472.50, 958463, 2909049, 0, 0
2017/7/20, 00:00:00, 2472.00, 2477.25, 2466.50, 2472.25, 1106684, 2936167, 0, 0
2017/7/21, 00:00:00, 2473.50, 2476.25, 2463.75, 2470.50, 1095937, 2953775, 0, 0
2017/7/24, 00:00:00, 2470.75, 2471.50, 2464.50, 2469.50, 857750, 2964274, 0, 0
2017/7/25, 00:00:00, 2468.00, 2479.75, 2467.25, 2475.00, 1074033, 2962640, 0, 0
2017/7/26, 00:00:00, 2476.25, 2480.75, 2472.50, 2474.25, 972444, 2948345, 0, 0
2017/7/27, 00:00:00, 2475.50, 2481.50, 2458.00, 2473.00, 1647577, 2970960, 0, 0
2017/7/28, 00:00:00, 2473.00, 2473.00, 2462.50, 2471.25, 1156784, 2984105, 0, 0
2017/7/31, 00:00:00, 2471.50, 2476.00, 2466.25, 2469.00, 1229202, 2994555, 0, 0
2017/8/1, 00:00:00, 2469.00, 2478.25, 2467.25, 2473.25, 1043439, 3021662, 0, 0
2017/8/2, 00:00:00, 2475.00, 2477.00, 2464.25, 2474.50, 1304650, 3020172, 0, 0
2017/8/3, 00:00:00, 2474.25, 2475.50, 2467.00, 2472.75, 1087355, 3044605, 0, 0
2017/8/4, 00:00:00, 2471.75, 2478.75, 2468.75, 2473.00, 1070866, 3043959, 0, 0
2017/8/7, 00:00:00, 2473.25, 2479.25, 2473.00, 2478.50, 599701, 3053147, 0, 0
2017/8/8, 00:00:00, 2478.50, 2489.50, 2468.50, 2473.75, 1367671, 3064631, 0, 0
2017/8/9, 00:00:00, 2471.00, 2475.50, 2460.00, 2474.00, 1555517, 3086189, 0, 0
2017/8/10, 00:00:00, 2475.00, 2475.25, 2433.75, 2438.50, 2324062, 3103935, 0, 0
2017/8/11, 00:00:00, 2435.50, 2447.50, 2431.25, 2441.00, 1670104, 3090248, 0, 0
2017/8/14, 00:00:00, 2442.50, 2467.50, 2442.50, 2464.50, 1470477, 3114038, 0, 0
2017/8/15, 00:00:00, 2465.50, 2474.25, 2461.00, 2464.75, 1060173, 3095077, 0, 0
2017/8/16, 00:00:00, 2465.50, 2475.00, 2462.50, 2468.50, 1137333, 3112624, 0, 0
2017/8/17, 00:00:00, 2467.75, 2469.50, 2424.75, 2430.50, 2236170, 3125361, 0, 0
2017/8/18, 00:00:00, 2427.75, 2440.50, 2420.50, 2427.75, 2203303, 3127030, 0, 0
2017/8/21, 00:00:00, 2429.75, 2432.50, 2416.75, 2429.00, 1339966, 3139301, 0, 0
2017/8/22, 00:00:00, 2429.00, 2455.25, 2428.50, 2453.75, 1367156, 3137149, 0, 0
2017/8/23, 00:00:00, 2454.00, 2455.75, 2439.75, 2442.50, 1243382, 3145019, 0, 0
2017/8/24, 00:00:00, 2441.25, 2450.00, 2435.50, 2441.75, 1407417, 3150958, 0, 0
2017/8/25, 00:00:00, 2443.50, 2454.50, 2438.50, 2443.50, 1211227, 3175692, 0, 0
2017/8/28, 00:00:00, 2443.00, 2450.25, 2437.25, 2444.75, 953054, 3165053, 0, 0
2017/8/29, 00:00:00, 2435.00, 2449.50, 2422.00, 2448.00, 1615262, 3176774, 0, 0
2017/8/30, 00:00:00, 2447.50, 2460.75, 2443.75, 2456.75, 1301444, 3193564, 0, 0
2017/8/31, 00:00:00, 2456.25, 2475.25, 2455.75, 2471.00, 1752826, 3208773, 0, 0
2017/9/1, 00:00:00, 2471.25, 2480.75, 2471.00, 2475.25, 1057024, 3189967, 0, 0
2017/9/5, 00:00:00, 2462.25, 2472.25, 2446.50, 2460.75, 2123649, 3120167, 0, 0
2017/9/6, 00:00:00, 2461.25, 2470.00, 2457.50, 2466.50, 1553109, 0, 0, 0
2017/9/7, 00:00:00, 2465.00, 2469.75, 2458.50, 2467.50, 699851, 719665, 0, 0
2017/9/8, 00:00:00, 2467.50, 2468.50, 2458.00, 2463.75, 1465772, 1244827, 0, 0
2017/9/11, 00:00:00, 2470.50, 2490.00, 2469.50, 2488.50, 1893177, 1942428, 0, 0
2017/9/12, 00:00:00, 2489.25, 2497.75, 2488.00, 2497.00, 1739059, 2617586, 0, 0
2017/9/13, 00:00:00, 2498.00, 2498.25, 2491.75, 2497.50, 1426452, 2954281, 0, 0
2017/9/14, 00:00:00, 2497.25, 2499.00, 2490.25, 2497.00, 1372582, 3059813, 0, 0
2017/9/15, 00:00:00, 2496.50, 2502.75, 2489.75, 2500.00, 1367390, 3088031, 0, 0
2017/9/18, 00:00:00, 2501.75, 2508.75, 2500.50, 2505.50, 1090827, 3107021, 0, 0
2017/9/19, 00:00:00, 2505.50, 2508.75, 2503.75, 2507.50, 961109, 3077878, 0, 0
2017/9/20, 00:00:00, 2506.50, 2510.00, 2496.75, 2508.00, 1232948, 3084444, 0, 0
2017/9/21, 00:00:00, 2507.25, 2509.00, 2499.25, 2503.75, 1117630, 3073085, 0, 0
2017/9/22, 00:00:00, 2503.50, 2503.75, 2494.75, 2502.25, 1024727, 3048657, 0, 0
2017/9/25, 00:00:00, 2501.75, 2507.25, 2487.75, 2499.75, 1539626, 3052713, 0, 0
2017/9/26, 00:00:00, 2500.75, 2504.00, 2495.00, 2498.25, 1144642, 3045716, 0, 0
2017/9/27, 00:00:00, 2497.75, 2512.00, 2495.75, 2507.25, 1576031, 3029435, 0, 0
2017/9/28, 00:00:00, 2506.00, 2511.00, 2501.75, 2510.50, 1109027, 2998518, 0, 0
2017/9/29, 00:00:00, 2510.50, 2520.50, 2507.50, 2518.75, 1368322, 2965796, 0, 0
2017/10/2, 00:00:00, 2520.75, 2530.75, 2519.75, 2529.00, 1138362, 2989180, 0, 0
2017/10/3, 00:00:00, 2530.00, 2536.25, 2528.25, 2535.50, 849153, 2991691, 0, 0
2017/10/4, 00:00:00, 2535.75, 2540.75, 2531.75, 2539.00, 956590, 3019627, 0, 0
2017/10/5, 00:00:00, 2538.00, 2553.50, 2537.25, 2552.75, 1104438, 3059096, 0, 0
2017/10/6, 00:00:00, 2551.50, 2552.50, 2544.25, 2547.75, 1169419, 3050587, 0, 0
2017/10/9, 00:00:00, 2546.00, 2553.25, 2542.00, 2546.50, 735488, 3053792, 0, 0
2017/10/10, 00:00:00, 2546.00, 2556.00, 2545.50, 2551.25, 1149236, 3043930, 0, 0
2017/10/11, 00:00:00, 2551.50, 2556.25, 2547.00, 2555.75, 818238, 3043432, 0, 0
2017/10/12, 00:00:00, 2555.00, 2556.00, 2549.00, 2552.25, 938476, 3051483, 0, 0
2017/10/13, 00:00:00, 2550.75, 2558.25, 2549.75, 2555.50, 918541, 3043181, 0, 0
2017/10/16, 00:00:00, 2555.00, 2560.50, 2553.50, 2559.00, 795923, 3046741, 0, 0
2017/10/17, 00:00:00, 2558.25, 2560.50, 2555.00, 2559.75, 738739, 3049820, 0, 0
2017/10/18, 00:00:00, 2559.25, 2565.00, 2559.00, 2562.75, 753384, 3066930, 0, 0
2017/10/19, 00:00:00, 2562.75, 2564.25, 2545.25, 2563.25, 1362805, 3075982, 0, 0
2017/10/20, 00:00:00, 2563.75, 2577.25, 2562.25, 2576.75, 1254054, 3086207, 0, 0
2017/10/23, 00:00:00, 2575.50, 2580.00, 2564.25, 2566.25, 1272965, 3099071, 0, 0
2017/10/24, 00:00:00, 2565.25, 2573.00, 2565.00, 2570.00, 1047808, 3110298, 0, 0
2017/10/25, 00:00:00, 2567.50, 2569.00, 2544.25, 2561.25, 2099172, 3089530, 0, 0
2017/10/26, 00:00:00, 2562.25, 2567.75, 2558.25, 2564.25, 1392205, 3113436, 0, 0
2017/10/27, 00:00:00, 2564.25, 2583.50, 2560.25, 2581.25, 1561074, 3135063, 0, 0
2017/10/30, 00:00:00, 2578.25, 2581.00, 2568.25, 2571.00, 1237600, 3124388, 0, 0
2017/10/31, 00:00:00, 2570.75, 2578.25, 2569.50, 2575.50, 1051279, 3115078, 0, 0
2017/11/1, 00:00:00, 2575.50, 2588.25, 2573.75, 2577.50, 1290220, 3131769, 0, 0
2017/11/2, 00:00:00, 2574.25, 2581.25, 2565.00, 2579.50, 1297222, 3135768, 0, 0
2017/11/3, 00:00:00, 2580.25, 2588.25, 2576.25, 2585.50, 992681, 3163563, 0, 0
2017/11/6, 00:00:00, 2582.75, 2592.75, 2578.25, 2591.50, 848119, 3158316, 0, 0
2017/11/7, 00:00:00, 2590.50, 2596.25, 2583.50, 2589.50, 1163840, 3167322, 0, 0
2017/11/8, 00:00:00, 2586.75, 2595.25, 2582.50, 2593.75, 1058023, 3156032, 0, 0
2017/11/9, 00:00:00, 2594.00, 2597.25, 2566.00, 2586.75, 2218191, 3155416, 0, 0
2017/11/10, 00:00:00, 2584.75, 2588.50, 2574.25, 2582.25, 1193217, 3179045, 0, 0
2017/11/13, 00:00:00, 2583.00, 2588.25, 2573.00, 2584.75, 1052173, 3175524, 0, 0
2017/11/14, 00:00:00, 2583.00, 2585.00, 2567.00, 2580.75, 1582882, 3176001, 0, 0
2017/11/15, 00:00:00, 2579.50, 2579.75, 2558.25, 2567.75, 1917948, 3180712, 0, 0
2017/11/16, 00:00:00, 2567.00, 2592.25, 2565.00, 2587.75, 1528865, 3219914, 0, 0
2017/11/17, 00:00:00, 2587.00, 2588.75, 2577.50, 2579.00, 1186958, 3205145, 0, 0
2017/11/20, 00:00:00, 2578.75, 2586.75, 2570.50, 2584.75, 1000520, 3195685, 0, 0
2017/11/21, 00:00:00, 2584.75, 2603.25, 2582.00, 2599.00, 1153787, 3213608, 0, 0
2017/11/22, 00:00:00, 2598.50, 2602.75, 2595.50, 2597.25, 770812, 3196045, 0, 0
2017/11/24, 00:00:00, 2596.00, 2605.75, 2592.25, 2603.75, 551196, 3204044, 0, 0
2017/11/27, 00:00:00, 2603.75, 2608.25, 2599.25, 2604.50, 960112, 3200150, 0, 0
2017/11/28, 00:00:00, 2605.00, 2629.75, 2600.25, 2628.75, 1558414, 3236041, 0, 0
2017/11/29, 00:00:00, 2628.25, 2637.00, 2622.50, 2627.75, 1661775, 3239614, 0, 0
2017/11/30, 00:00:00, 2627.75, 2661.25, 2624.50, 2650.75, 2346236, 3275991, 0, 0
2017/12/1, 00:00:00, 2643.50, 2653.50, 2607.75, 2646.75, 2520826, 3231700, 0, 0
2017/12/4, 00:00:00, 2657.25, 2668.00, 2636.50, 2641.00, 1756938, 3230754, 0, 0
2017/12/5, 00:00:00, 2638.75, 2651.50, 2630.00, 2631.00, 1392821, 3137281, 0, 0
2017/12/6, 00:00:00, 2629.50, 2637.25, 2622.75, 2632.00, 1307666, 3018724, 0, 0
2017/12/7, 00:00:00, 2633.25, 2643.75, 2629.00, 2642.25, 645300, 861700, 0, 0
2017/12/8, 00:00:00, 2642.25, 2655.25, 2640.25, 2654.00, 1327053, 1392934, 0, 0
2017/12/11, 00:00:00, 2655.00, 2667.75, 2652.25, 2664.50, 1633120, 2071077, 0, 0
2017/12/12, 00:00:00, 2666.00, 2673.00, 2663.25, 2667.75, 1659061, 2527944, 0, 0
2017/12/13, 00:00:00, 2667.75, 2675.50, 2659.25, 2669.00, 1565803, 2844874, 0, 0
2017/12/14, 00:00:00, 2668.50, 2673.50, 2651.75, 2656.00, 1467120, 2940089, 0, 0
2017/12/15, 00:00:00, 2652.75, 2683.25, 2652.50, 2682.00, 1410847, 2928463, 0, 0
2017/12/18, 00:00:00, 2683.00, 2698.00, 2682.50, 2694.50, 1040769, 2967731, 0, 0
2017/12/19, 00:00:00, 2695.00, 2698.00, 2682.50, 2684.00, 980483, 2969224, 0, 0
2017/12/20, 00:00:00, 2684.75, 2695.50, 2679.00, 2681.50, 981223, 2999594, 0, 0
2017/12/21, 00:00:00, 2681.50, 2696.00, 2680.75, 2687.75, 853748, 3007612, 0, 0
2017/12/22, 00:00:00, 2686.75, 2691.50, 2682.25, 2686.00, 654510, 3035200, 0, 0
2017/12/26, 00:00:00, 2686.75, 2689.50, 2683.50, 2687.00, 376101, 3038366, 0, 0
2017/12/27, 00:00:00, 2687.50, 2691.00, 2681.50, 2685.50, 666329, 3023788, 0, 0
2017/12/28, 00:00:00, 2684.00, 2689.00, 2683.00, 2685.75, 535624, 3013748, 0, 0
2017/12/29, 00:00:00, 2684.75, 2698.25, 2667.75, 2676.00, 1092038, 2989056, 0, 0
2018/1/2, 00:00:00, 2675.25, 2696.00, 2674.50, 2693.00, 996265, 3017744, 0, 0
2018/1/3, 00:00:00, 2693.75, 2714.25, 2692.25, 2711.00, 1114548, 3064592, 0, 0
2018/1/4, 00:00:00, 2710.25, 2729.00, 2708.50, 2723.75, 1166017, 3107934, 0, 0
2018/1/5, 00:00:00, 2725.00, 2743.25, 2723.75, 2742.50, 1136500, 3144990, 0, 0
2018/1/8, 00:00:00, 2741.75, 2748.50, 2736.50, 2746.75, 903544, 3168055, 0, 0
2018/1/9, 00:00:00, 2746.50, 2760.00, 2742.75, 2752.25, 1137598, 3190900, 0, 0
2018/1/10, 00:00:00, 2749.75, 2752.00, 2736.50, 2750.50, 1289898, 3203452, 0, 0
2018/1/11, 00:00:00, 2750.00, 2770.50, 2747.75, 2769.50, 1045414, 3198069, 0, 0
2018/1/12, 00:00:00, 2768.75, 2790.00, 2766.75, 2788.75, 1357120, 3210339, 0, 0
2018/1/16, 00:00:00, 2789.75, 2808.50, 2769.25, 2782.50, 1981469, 3246225, 0, 0
2018/1/17, 00:00:00, 2782.75, 2809.50, 2779.00, 2803.75, 1541873, 3250369, 0, 0
2018/1/18, 00:00:00, 2803.25, 2808.00, 2793.75, 2796.25, 1345331, 3273650, 0, 0
2018/1/19, 00:00:00, 2797.00, 2815.00, 2791.75, 2811.00, 1363990, 3303322, 0, 0
2018/1/22, 00:00:00, 2804.00, 2838.25, 2802.00, 2835.25, 1179414, 3312310, 0, 0
2018/1/23, 00:00:00, 2835.25, 2844.75, 2828.75, 2839.50, 1282163, 3318612, 0, 0
2018/1/24, 00:00:00, 2837.00, 2855.25, 2825.50, 2841.00, 1885278, 3349443, 0, 0
2018/1/25, 00:00:00, 2840.00, 2853.75, 2830.75, 2841.25, 1439217, 3337061, 0, 0
2018/1/26, 00:00:00, 2842.25, 2876.00, 2841.25, 2874.50, 1286287, 3331783, 0, 0
2018/1/29, 00:00:00, 2874.25, 2878.50, 2851.50, 2853.50, 1395078, 3295318, 0, 0
2018/1/30, 00:00:00, 2853.25, 2858.00, 2818.50, 2824.50, 2133815, 3278038, 0, 0
2018/1/31, 00:00:00, 2823.25, 2839.75, 2813.00, 2825.75, 1841227, 3295548, 0, 0
2018/2/1, 00:00:00, 2828.75, 2837.25, 2809.50, 2822.50, 1646906, 3311911, 0, 0
2018/2/2, 00:00:00, 2826.50, 2831.00, 2755.25, 2756.75, 2532442, 3297660, 0, 0
2018/2/5, 00:00:00, 2757.00, 2763.00, 2595.75, 2607.75, 4009557, 3323338, 0, 0
2018/2/6, 00:00:00, 2624.00, 2699.75, 2529.00, 2694.25, 4806868, 3294277, 0, 0
2018/2/7, 00:00:00, 2685.50, 2726.75, 2660.50, 2668.25, 2491133, 3264285, 0, 0
2018/2/8, 00:00:00, 2664.75, 2686.50, 2577.00, 2593.50, 3121915, 3320006, 0, 0
2018/2/9, 00:00:00, 2593.75, 2637.75, 2530.25, 2619.00, 3909443, 3315698, 0, 0
2018/2/12, 00:00:00, 2628.25, 2671.50, 2620.00, 2655.25, 2170447, 3217706, 0, 0
2018/2/13, 00:00:00, 2653.25, 2667.50, 2634.25, 2661.75, 1461104, 3191989, 0, 0
2018/2/14, 00:00:00, 2662.50, 2701.75, 2627.00, 2697.00, 2087016, 3165063, 0, 0
2018/2/15, 00:00:00, 2695.50, 2736.75, 2688.50, 2734.00, 1668909, 3177219, 0, 0
2018/2/16, 00:00:00, 2734.00, 2754.75, 2722.25, 2735.00, 1738551, 3172501, 0, 0
2018/2/20, 00:00:00, 2734.50, 2747.75, 2705.75, 2714.00, 1447502, 3176441, 0, 0
2018/2/21, 00:00:00, 2714.50, 2747.75, 2693.50, 2698.75, 1661308, 3162459, 0, 0
2018/2/22, 00:00:00, 2698.50, 2731.00, 2682.00, 2711.50, 1623017, 3156159, 0, 0
2018/2/23, 00:00:00, 2712.75, 2750.25, 2710.00, 2748.75, 1290261, 3168128, 0, 0
2018/2/26, 00:00:00, 2751.50, 2786.00, 2742.50, 2784.50, 1256268, 3169192, 0, 0
2018/2/27, 00:00:00, 2783.50, 2789.75, 2742.00, 2746.25, 1678620, 0, 0, 0
