Date, Time, Open, High, Low, Last, Volume, NumberOfTrades, BidVolume, AskVolume
2015/6/10, 00:00:00, 2032.25, 2059.50, 2031.50, 2058.50, 1664080, 0, 0, 0
2015/6/11, 00:00:00, 2057.50, 2065.75, 2054.50, 2060.50, 746891, 755803, 0, 0
2015/6/12, 00:00:00, 2060.25, 2060.50, 2041.00, 2044.00, 1763160, 1262058, 0, 0
2015/6/15, 00:00:00, 2035.50, 2040.50, 2021.75, 2034.50, 1999786, 1764777, 0, 0
2015/6/16, 00:00:00, 2034.25, 2049.00, 2021.00, 2048.00, 1657466, 2246290, 0, 0
2015/6/17, 00:00:00, 2048.75, 2057.75, 2037.75, 2048.25, 1578971, 2433892, 0, 0
2015/6/18, 00:00:00, 2048.00, 2078.25, 2041.00, 2073.75, 1902148, 2549027, 0, 0
2015/6/19, 00:00:00, 2073.75, 2076.75, 2056.00, 2056.75, 1239246, 2537546, 0, 0
2015/6/22, 00:00:00, 2064.75, 2081.00, 2062.50, 2071.75, 1095709, 2563433, 0, 0
2015/6/23, 00:00:00, 2073.75, 2079.50, 2070.25, 2075.50, 837133, 2554179, 0, 0
2015/6/24, 00:00:00, 2076.50, 2077.50, 2058.00, 2058.50, 1163124, 2536478, 0, 0
2015/6/25, 00:00:00, 2060.25, 2071.75, 2051.00, 2053.00, 1218149, 2534335, 0, 0
2015/6/26, 00:00:00, 2053.75, 2059.75, 2045.25, 2054.75, 1321884, 2526649, 0, 0
2015/6/29, 00:00:00, 2023.00, 2042.25, 2006.25, 2009.50, 2292340, 2614259, 0, 0
2015/6/30, 00:00:00, 2013.50, 2028.00, 2005.75, 2013.50, 2381572, 2615790, 0, 0
2015/7/1, 00:00:00, 2013.50, 2036.50, 2013.50, 2030.00, 1496815, 2624007, 0, 0
2015/7/2, 00:00:00, 2030.50, 2038.00, 2021.25, 2027.75, 1252317, 2625405, 0, 0
2015/7/6, 00:00:00, 1996.25, 2030.75, 1993.25, 2023.50, 1973058, 2657211, 0, 0
2015/7/7, 00:00:00, 2026.75, 2037.00, 1994.00, 2032.75, 2531662, 2658021, 0, 0
2015/7/8, 00:00:00, 2032.00, 2032.25, 1995.25, 1998.25, 2393226, 2729842, 0, 0
2015/7/9, 00:00:00, 1998.75, 2027.00, 1997.25, 2000.25, 1981972, 2667051, 0, 0
2015/7/10, 00:00:00, 2003.75, 2033.75, 2003.75, 2028.00, 1573858, 2619051, 0, 0
2015/7/13, 00:00:00, 2013.75, 2053.75, 2011.00, 2053.50, 1333579, 2619098, 0, 0
2015/7/14, 00:00:00, 2053.00, 2064.50, 2049.50, 2061.00, 955518, 2600930, 0, 0
2015/7/15, 00:00:00, 2061.50, 2066.75, 2054.00, 2063.25, 1147598, 2584404, 0, 0
2015/7/16, 00:00:00, 2063.00, 2077.50, 2061.75, 2076.00, 1107382, 2609902, 0, 0
2015/7/17, 00:00:00, 2076.00, 2079.00, 2071.75, 2077.75, 903686, 2592829, 0, 0
2015/7/20, 00:00:00, 2077.00, 2085.25, 2075.50, 2081.00, 937630, 2610884, 0, 0
2015/7/21, 00:00:00, 2080.25, 2084.00, 2065.75, 2073.50, 1209300, 2620479, 0, 0
2015/7/22, 00:00:00, 2066.75, 2071.00, 2061.25, 2067.00, 1224393, 2627734, 0, 0
2015/7/23, 00:00:00, 2068.25, 2072.75, 2050.50, 2057.50, 1437249, 2641582, 0, 0
2015/7/24, 00:00:00, 2060.00, 2063.00, 2028.75, 2036.50, 1669725, 2675616, 0, 0
2015/7/27, 00:00:00, 2037.25, 2039.75, 2015.50, 2023.50, 1781810, 2699408, 0, 0
2015/7/28, 00:00:00, 2024.50, 2048.00, 2020.50, 2046.25, 1725788, 2671539, 0, 0
2015/7/29, 00:00:00, 2047.00, 2063.25, 2043.50, 2060.50, 1397228, 2657695, 0, 0
2015/7/30, 00:00:00, 2058.50, 2063.25, 2046.75, 2062.75, 1286157, 2654075, 0, 0
2015/7/31, 00:00:00, 2060.75, 2068.25, 2054.25, 2057.50, 1602805, 2668917, 0, 0
2015/8/3, 00:00:00, 2057.75, 2061.50, 2039.00, 2050.00, 1512106, 2669093, 0, 0
2015/8/4, 00:00:00, 2049.50, 2055.25, 2040.50, 2042.00, 1327878, 2675097, 0, 0
2015/8/5, 00:00:00, 2041.50, 2066.00, 2041.25, 2052.75, 1384241, 2656916, 0, 0
2015/8/6, 00:00:00, 2053.00, 2058.25, 2029.00, 2038.50, 1608876, 2673527, 0, 0
2015/8/7, 00:00:00, 2039.00, 2041.75, 2021.00, 2032.50, 1596391, 2717584, 0, 0
2015/8/10, 00:00:00, 2031.00, 2060.25, 2030.75, 2058.75, 1198912, 2707594, 0, 0
2015/8/11, 00:00:00, 2059.75, 2060.75, 2029.75, 2038.75, 1783349, 2736342, 0, 0
2015/8/12, 00:00:00, 2039.75, 2044.25, 2005.50, 2043.25, 2364321, 2767869, 0, 0
2015/8/13, 00:00:00, 2041.75, 2052.00, 2032.25, 2039.50, 1496065, 2773957, 0, 0
2015/8/14, 00:00:00, 2038.25, 2049.50, 2032.75, 2048.50, 1069465, 2773006, 0, 0
2015/8/17, 00:00:00, 2048.50, 2059.50, 2033.75, 2058.25, 1292437, 2783936, 0, 0
2015/8/18, 00:00:00, 2057.25, 2062.75, 2049.25, 2053.00, 1135552, 2787015, 0, 0
2015/8/19, 00:00:00, 2052.25, 2057.00, 2025.50, 2031.75, 2289064, 2805536, 0, 0
2015/8/20, 00:00:00, 2032.50, 2036.75, 1983.50, 1984.50, 2583142, 2876543, 0, 0
2015/8/21, 00:00:00, 1985.25, 1988.00, 1926.25, 1930.50, 4168331, 2938889, 0, 0
2015/8/24, 00:00:00, 1923.50, 1923.75, 1790.00, 1830.25, 5258752, 3076257, 0, 0
2015/8/25, 00:00:00, 1831.75, 1907.50, 1819.00, 1831.75, 3658827, 3069752, 0, 0
2015/8/26, 00:00:00, 1835.00, 1902.00, 1809.50, 1897.00, 3527300, 3073835, 0, 0
2015/8/27, 00:00:00, 1900.25, 1949.25, 1893.50, 1948.25, 2940255, 2964630, 0, 0
2015/8/28, 00:00:00, 1947.25, 1951.75, 1926.25, 1948.75, 1968514, 2979180, 0, 0
2015/8/31, 00:00:00, 1945.25, 1946.75, 1918.25, 1928.25, 1876279, 3011216, 0, 0
2015/9/1, 00:00:00, 1924.50, 1925.25, 1857.75, 1875.00, 2822050, 3112082, 0, 0
2015/9/2, 00:00:00, 1872.50, 1908.00, 1866.25, 1906.00, 2178629, 3096800, 0, 0
2015/9/3, 00:00:00, 1906.50, 1932.50, 1901.00, 1905.00, 2054305, 3083716, 0, 0
2015/9/4, 00:00:00, 1906.25, 1908.25, 1866.75, 1880.75, 2138986, 3137489, 0, 0
2015/9/8, 00:00:00, 1875.75, 1927.75, 1874.75, 1924.75, 1880634, 3050459, 0, 0
2015/9/9, 00:00:00, 1925.50, 1951.00, 1894.50, 1901.75, 2144217, 2957340, 0, 0
2015/9/10, 00:00:00, 1902.75, 1925.75, 1887.00, 1907.75, 1023035, 806532, 0, 0
2015/9/11, 00:00:00, 1907.50, 1920.50, 1895.50, 1918.25, 1511006, 1269688, 0, 0
2015/9/14, 00:00:00, 1921.00, 1932.25, 1904.50, 1912.00, 1574502, 1747635, 0, 0
2015/9/15, 00:00:00, 1911.50, 1941.00, 1903.25, 1938.00, 2035624, 2385584, 0, 0
2015/9/16, 00:00:00, 1938.25, 1957.00, 1930.75, 1956.00, 1644800, 2665413, 0, 0
2015/9/17, 00:00:00, 1954.50, 1979.75, 1940.00, 1945.25, 2327768, 2813414, 0, 0
2015/9/18, 00:00:00, 1944.50, 1951.00, 1909.25, 1918.50, 2423501, 2876037, 0, 0
2015/9/21, 00:00:00, 1917.25, 1937.00, 1906.50, 1931.00, 1513503, 2862583, 0, 0
2015/9/22, 00:00:00, 1932.25, 1933.00, 1885.75, 1900.00, 1985152, 2876302, 0, 0
2015/9/23, 00:00:00, 1898.50, 1909.75, 1878.50, 1896.50, 1423965, 2872265, 0, 0
2015/9/24, 00:00:00, 1899.75, 1904.25, 1865.25, 1886.75, 2218286, 2864458, 0, 0
2015/9/25, 00:00:00, 1881.25, 1919.00, 1878.25, 1887.25, 2080724, 2818148, 0, 0
2015/9/28, 00:00:00, 1883.50, 1897.75, 1836.75, 1840.00, 2354063, 2885060, 0, 0
2015/9/29, 00:00:00, 1844.25, 1857.75, 1829.00, 1842.50, 2374651, 2896165, 0, 0
2015/9/30, 00:00:00, 1843.00, 1878.50, 1839.25, 1876.75, 2216643, 2867181, 0, 0
2015/10/1, 00:00:00, 1870.50, 1897.50, 1858.25, 1884.75, 2052465, 2866971, 0, 0
2015/10/2, 00:00:00, 1885.00, 1911.75, 1851.00, 1911.00, 2466082, 2898003, 0, 0
2015/10/5, 00:00:00, 1909.00, 1948.00, 1905.25, 1942.75, 1675519, 2895436, 0, 0
2015/10/6, 00:00:00, 1941.00, 1950.25, 1930.50, 1936.50, 1606289, 2894614, 0, 0
2015/10/7, 00:00:00, 1929.00, 1959.25, 1928.50, 1955.25, 1937061, 2884317, 0, 0
2015/10/8, 00:00:00, 1955.75, 1976.75, 1939.00, 1974.50, 1803978, 2917911, 0, 0
2015/10/9, 00:00:00, 1972.00, 1982.00, 1966.75, 1975.50, 1378359, 2905895, 0, 0
2015/10/12, 00:00:00, 1973.25, 1982.00, 1969.75, 1979.00, 804576, 2905112, 0, 0
2015/10/13, 00:00:00, 1980.00, 1982.75, 1959.25, 1962.00, 1518662, 2880221, 0, 0
2015/10/14, 00:00:00, 1959.50, 1969.75, 1950.50, 1952.00, 1780661, 2881542, 0, 0
2015/10/15, 00:00:00, 1953.75, 1987.50, 1953.00, 1987.00, 1731138, 2892169, 0, 0
2015/10/16, 00:00:00, 1986.25, 1994.50, 1980.25, 1993.50, 1362298, 2887889, 0, 0
2015/10/19, 00:00:00, 1992.50, 1996.00, 1982.25, 1995.50, 1306548, 2890340, 0, 0
2015/10/20, 00:00:00, 1994.50, 1999.50, 1986.50, 1988.50, 1276349, 2896843, 0, 0
2015/10/21, 00:00:00, 1987.75, 2002.25, 1975.50, 1976.50, 1791221, 2890408, 0, 0
2015/10/22, 00:00:00, 1978.50, 2024.00, 1976.50, 2021.00, 2099217, 2857210, 0, 0
2015/10/23, 00:00:00, 2022.25, 2042.50, 2021.25, 2034.00, 2067465, 2788563, 0, 0
2015/10/26, 00:00:00, 2034.00, 2036.00, 2025.50, 2030.25, 1184323, 2754513, 0, 0
2015/10/27, 00:00:00, 2031.75, 2032.75, 2019.25, 2028.50, 1243601, 2757750, 0, 0
2015/10/28, 00:00:00, 2030.00, 2053.25, 2023.50, 2052.50, 1888636, 0, 0, 0
2015/10/29, 00:00:00, 2049.00, 2054.50, 2041.25, 2051.00, 1407730, 2779503, 0, 0
2015/10/30, 00:00:00, 2052.75, 2062.75, 2037.75, 2041.75, 1751269, 2748794, 0, 0
2015/11/2, 00:00:00, 2041.00, 2068.00, 2032.25, 2063.50, 1284044, 2774901, 0, 0
2015/11/3, 00:00:00, 2061.25, 2078.25, 2057.00, 2071.00, 1348316, 2764810, 0, 0
2015/11/4, 00:00:00, 2070.50, 2077.75, 2058.50, 2062.75, 1546504, 2767546, 0, 0
2015/11/5, 00:00:00, 2063.50, 2072.75, 2052.00, 2062.00, 1538081, 2773738, 0, 0
2015/11/6, 00:00:00, 2062.75, 2067.00, 2045.50, 2061.75, 1846631, 2780419, 0, 0
2015/11/9, 00:00:00, 2060.00, 2065.75, 2030.00, 2041.00, 1856213, 2816439, 0, 0
2015/11/10, 00:00:00, 2040.25, 2047.00, 2032.50, 2046.00, 1286098, 2826631, 0, 0
2015/11/11, 00:00:00, 2044.50, 2055.25, 2035.75, 2037.00, 1171396, 2810012, 0, 0
2015/11/12, 00:00:00, 2036.50, 2045.50, 2007.50, 2008.50, 1807653, 2804669, 0, 0
2015/11/13, 00:00:00, 2008.50, 2014.00, 1979.50, 1986.50, 2128939, 2819215, 0, 0
2015/11/16, 00:00:00, 1974.50, 2019.00, 1966.50, 2016.00, 1711062, 2803541, 0, 0
2015/11/17, 00:00:00, 2017.00, 2031.50, 2009.50, 2017.00, 1621036, 2771239, 0, 0
2015/11/18, 00:00:00, 2017.75, 2050.50, 2011.00, 2047.75, 1543330, 2788869, 0, 0
2015/11/19, 00:00:00, 2046.25, 2057.25, 2043.25, 2047.25, 1284869, 2790570, 0, 0
2015/11/20, 00:00:00, 2046.25, 2062.50, 2044.00, 2056.75, 1273905, 2751554, 0, 0
2015/11/23, 00:00:00, 2057.75, 2061.00, 2046.25, 2052.25, 976103, 2759407, 0, 0
2015/11/24, 00:00:00, 2051.00, 2059.50, 2033.50, 2052.75, 1517871, 2756429, 0, 0
2015/11/25, 00:00:00, 2052.00, 2060.50, 2050.25, 2056.00, 746319, 2761335, 0, 0
2015/11/27, 00:00:00, 2058.00, 2066.25, 2049.50, 2058.00, 653387, 2763546, 0, 0
2015/11/30, 00:00:00, 2057.50, 2063.00, 2046.50, 2047.75, 1389020, 2764688, 0, 0
2015/12/1, 00:00:00, 2053.50, 2069.50, 2051.50, 2068.00, 1482186, 2759024, 0, 0
2015/12/2, 00:00:00, 2067.50, 2073.00, 2043.00, 2049.50, 1725833, 2741368, 0, 0
2015/12/3, 00:00:00, 2051.25, 2063.25, 2008.00, 2019.25, 2655148, 2748380, 0, 0
2015/12/4, 00:00:00, 2021.25, 2061.00, 2014.75, 2056.50, 2269530, 2668096, 0, 0
2015/12/7, 00:00:00, 2060.25, 2063.50, 2032.50, 2049.00, 1699318, 2642562, 0, 0
2015/12/8, 00:00:00, 2048.00, 2049.50, 2018.25, 2026.75, 2005017, 2624311, 0, 0
2015/12/9, 00:00:00, 2027.50, 2047.75, 2002.25, 2010.00, 2660114, 0, 0, 0
2015/12/10, 00:00:00, 2013.75, 2035.25, 2012.25, 2017.50, 783692, 787824, 0, 0
2015/12/11, 00:00:00, 2019.00, 2024.25, 1972.75, 1977.75, 2345329, 1264033, 0, 0
2015/12/14, 00:00:00, 1978.00, 1996.00, 1959.75, 1986.00, 2652781, 1775616, 0, 0
2015/12/15, 00:00:00, 1989.50, 2022.25, 1986.50, 2013.50, 2156216, 0, 0, 0
2015/12/16, 00:00:00, 2014.00, 2045.25, 2007.50, 2040.25, 2035482, 2448737, 0, 0
2015/12/17, 00:00:00, 2037.25, 2049.25, 1999.25, 2001.25, 2114912, 2525720, 0, 0
2015/12/18, 00:00:00, 2000.50, 2006.25, 1967.50, 1968.50, 2118900, 2570329, 0, 0
2015/12/21, 00:00:00, 1973.75, 1996.00, 1971.75, 1991.50, 1275266, 2561504, 0, 0
2015/12/22, 00:00:00, 1993.50, 2013.00, 1983.75, 2012.50, 1144898, 2542077, 0, 0
2015/12/23, 00:00:00, 2010.50, 2034.25, 2007.25, 2029.50, 1003982, 2512689, 0, 0
2015/12/24, 00:00:00, 2029.25, 2036.25, 2025.50, 2027.75, 325205, 2490347, 0, 0
2015/12/28, 00:00:00, 2027.75, 2031.00, 2011.75, 2025.25, 696448, 2490832, 0, 0
2015/12/29, 00:00:00, 2026.25, 2051.00, 2024.00, 2049.25, 832686, 2496174, 0, 0
2015/12/30, 00:00:00, 2048.50, 2051.50, 2030.00, 2031.00, 720601, 2486459, 0, 0
2015/12/31, 00:00:00, 2031.75, 2034.25, 2006.75, 2012.00, 1029390, 2492297, 0, 0
2016/1/4, 00:00:00, 2014.25, 2020.00, 1956.75, 1985.50, 2216549, 2569569, 0, 0
2016/1/5, 00:00:00, 1985.50, 1993.50, 1968.75, 1988.25, 1688974, 2562248, 0, 0
2016/1/6, 00:00:00, 1987.25, 1989.75, 1947.00, 1962.50, 2237518, 2579137, 0, 0
2016/1/7, 00:00:00, 1964.25, 1967.50, 1905.00, 1909.50, 2969295, 2610790, 0, 0
2016/1/8, 00:00:00, 1913.00, 1941.25, 1886.50, 1888.00, 2694404, 2679953, 0, 0
2016/1/11, 00:00:00, 1885.75, 1905.50, 1869.00, 1890.75, 2490336, 2718509, 0, 0
2016/1/12, 00:00:00, 1890.00, 1916.75, 1875.50, 1901.50, 2428110, 2728789, 0, 0
2016/1/13, 00:00:00, 1899.00, 1923.00, 1854.50, 1858.00, 2899958, 2767647, 0, 0
2016/1/14, 00:00:00, 1860.25, 1904.00, 1847.50, 1891.00, 3045826, 2774821, 0, 0
2016/1/15, 00:00:00, 1890.00, 1896.25, 1825.75, 1851.50, 3441956, 2848559, 0, 0
2016/1/19, 00:00:00, 1846.25, 1884.00, 1832.75, 1849.50, 2796679, 2841234, 0, 0
2016/1/20, 00:00:00, 1848.25, 1855.00, 1780.75, 1831.50, 3929776, 2867832, 0, 0
2016/1/21, 00:00:00, 1831.25, 1859.75, 1812.75, 1837.50, 2729407, 2850850, 0, 0
2016/1/22, 00:00:00, 1835.00, 1878.75, 1832.25, 1875.75, 2106526, 2841461, 0, 0
2016/1/25, 00:00:00, 1876.00, 1880.75, 1832.25, 1846.75, 1640401, 2862213, 0, 0
2016/1/26, 00:00:00, 1848.25, 1876.25, 1827.75, 1872.50, 1780235, 2870149, 0, 0
2016/1/27, 00:00:00, 1861.75, 1886.50, 1841.00, 1851.50, 2113363, 2897826, 0, 0
2016/1/28, 00:00:00, 1856.50, 1879.00, 1842.25, 1857.25, 2254109, 2872487, 0, 0
2016/1/29, 00:00:00, 1855.25, 1909.50, 1853.00, 1906.50, 2406399, 2878549, 0, 0
2016/2/1, 00:00:00, 1906.25, 1916.50, 1889.00, 1907.75, 1748062, 2888962, 0, 0
2016/2/2, 00:00:00, 1905.00, 1905.75, 1865.50, 1874.00, 2102411, 2941058, 0, 0
2016/2/3, 00:00:00, 1871.50, 1888.75, 1841.50, 1885.00, 2841210, 0, 0, 0
2016/2/4, 00:00:00, 1884.25, 1898.75, 1866.75, 1884.25, 2255360, 2940610, 0, 0
2016/2/5, 00:00:00, 1881.75, 1891.00, 1842.25, 1851.75, 2320680, 2998346, 0, 0
2016/2/8, 00:00:00, 1852.75, 1861.00, 1798.25, 1828.50, 2674512, 3020294, 0, 0
2016/2/9, 00:00:00, 1826.25, 1840.25, 1802.25, 1824.75, 2792208, 3002017, 0, 0
2016/2/10, 00:00:00, 1826.50, 1854.25, 1815.00, 1823.25, 2359881, 3001438, 0, 0
2016/2/11, 00:00:00, 1818.75, 1823.75, 1779.00, 1801.00, 3203999, 3021157, 0, 0
2016/2/12, 00:00:00, 1803.75, 1837.25, 1799.00, 1834.75, 2018154, 2994392, 0, 0
2016/2/16, 00:00:00, 1841.75, 1869.25, 1841.50, 1865.25, 2034059, 3003822, 0, 0
2016/2/17, 00:00:00, 1864.75, 1904.50, 1858.00, 1899.25, 1854185, 2983644, 0, 0
2016/2/18, 00:00:00, 1903.25, 1910.00, 1887.75, 1893.00, 1615605, 2975816, 0, 0
2016/2/19, 00:00:00, 1894.00, 1899.25, 1875.00, 1891.00, 1616647, 2974705, 0, 0
2016/2/22, 00:00:00, 1887.50, 1920.25, 1884.75, 1912.75, 1425321, 2985993, 0, 0
2016/2/23, 00:00:00, 1910.50, 1914.50, 1890.25, 1892.50, 1600879, 2986569, 0, 0
2016/2/24, 00:00:00, 1890.50, 1910.25, 1863.25, 1906.75, 2315370, 3001982, 0, 0
2016/2/25, 00:00:00, 1909.50, 1928.00, 1896.75, 1927.00, 1844284, 3023219, 0, 0
2016/2/26, 00:00:00, 1925.50, 1945.25, 1917.75, 1919.25, 1876651, 3014453, 0, 0
2016/2/29, 00:00:00, 1919.50, 1932.75, 1903.00, 1906.00, 1826411, 3014983, 0, 0
2016/3/1, 00:00:00, 1904.50, 1955.00, 1897.25, 1954.50, 2035550, 3008297, 0, 0
2016/3/2, 00:00:00, 1952.75, 1961.25, 1942.75, 1960.00, 1821662, 3008594, 0, 0
2016/3/3, 00:00:00, 1958.25, 1969.00, 1951.25, 1967.00, 1555391, 3018684, 0, 0
2016/3/4, 00:00:00, 1967.50, 1984.00, 1960.50, 1971.50, 2247812, 3012243, 0, 0
2016/3/7, 00:00:00, 1971.00, 1981.00, 1961.00, 1975.50, 1633347, 3005808, 0, 0
2016/3/8, 00:00:00, 1975.50, 1976.75, 1952.50, 1957.50, 1931272, 2931226, 0, 0
2016/3/9, 00:00:00, 1958.25, 1970.50, 1954.50, 1965.50, 1744984, 2746033, 0, 0
2016/3/10, 00:00:00, 1966.50, 1986.50, 1943.50, 1965.00, 1048138, 875859, 0, 0
2016/3/11, 00:00:00, 1965.25, 1998.25, 1963.50, 1996.00, 1828591, 1329369, 0, 0
2016/3/14, 00:00:00, 1995.00, 2000.50, 1987.50, 1994.75, 1651775, 1761358, 0, 0
2016/3/15, 00:00:00, 1994.75, 1995.50, 1980.50, 1992.00, 1910850, 2333364, 0, 0
2016/3/16, 00:00:00, 1992.25, 2008.25, 1982.50, 2002.75, 2043775, 2630307, 0, 0
2016/3/17, 00:00:00, 2002.50, 2022.25, 1991.25, 2015.75, 2136877, 2781180, 0, 0
2016/3/18, 00:00:00, 2016.75, 2028.25, 2012.50, 2023.00, 1775664, 2810412, 0, 0
2016/3/21, 00:00:00, 2022.00, 2030.00, 2016.50, 2028.25, 1278261, 2804277, 0, 0
2016/3/22, 00:00:00, 2028.75, 2033.00, 2014.25, 2028.00, 1496196, 2811527, 0, 0
2016/3/23, 00:00:00, 2028.50, 2030.75, 2010.75, 2014.25, 1557185, 2811251, 0, 0
2016/3/24, 00:00:00, 2013.50, 2015.75, 1997.75, 2014.00, 1524072, 2802444, 0, 0
2016/3/28, 00:00:00, 2015.75, 2025.25, 2007.50, 2013.50, 907834, 2808249, 0, 0
2016/3/29, 00:00:00, 2013.25, 2034.75, 2004.75, 2033.00, 1549483, 2839325, 0, 0
2016/3/30, 00:00:00, 2034.00, 2050.00, 2032.25, 2040.75, 1627085, 2857423, 0, 0
2016/3/31, 00:00:00, 2041.00, 2045.25, 2032.75, 2037.00, 1736311, 2840616, 0, 0
2016/4/1, 00:00:00, 2038.25, 2052.50, 2020.75, 2050.50, 2051323, 2868902, 0, 0
2016/4/4, 00:00:00, 2049.50, 2057.00, 2039.75, 2043.00, 1380117, 2854772, 0, 0
2016/4/5, 00:00:00, 2041.00, 2041.00, 2019.75, 2024.25, 1827488, 2855118, 0, 0
2016/4/6, 00:00:00, 2027.50, 2046.00, 2020.50, 2045.75, 1894599, 2853456, 0, 0
2016/4/7, 00:00:00, 2045.25, 2047.50, 2011.50, 2020.50, 2052195, 2866053, 0, 0
2016/4/8, 00:00:00, 2020.00, 2039.75, 2015.75, 2026.25, 1768420, 2847223, 0, 0
2016/4/11, 00:00:00, 2026.50, 2042.00, 2018.00, 2020.00, 1679757, 2856177, 0, 0
2016/4/12, 00:00:00, 2018.00, 2044.00, 2014.75, 2041.25, 1831285, 2841320, 0, 0
2016/4/13, 00:00:00, 2040.75, 2062.50, 2039.50, 2061.50, 1637033, 2848286, 0, 0
2016/4/14, 00:00:00, 2061.75, 2067.25, 2054.00, 2062.00, 1363745, 2845632, 0, 0
2016/4/15, 00:00:00, 2063.25, 2065.50, 2055.00, 2060.50, 1230494, 2824244, 0, 0
2016/4/18, 00:00:00, 2049.75, 2074.25, 2044.00, 2072.25, 1400343, 2852963, 0, 0
2016/4/19, 00:00:00, 2070.75, 2084.00, 2070.25, 2079.25, 1565161, 2851161, 0, 0
2016/4/20, 00:00:00, 2079.75, 2090.75, 2071.25, 2083.50, 1464683, 2857101, 0, 0
2016/4/21, 00:00:00, 2083.25, 2089.50, 2064.25, 2068.25, 1638276, 2826367, 0, 0
2016/4/22, 00:00:00, 2065.25, 2074.50, 2060.50, 2071.50, 1497994, 2844218, 0, 0
2016/4/25, 00:00:00, 2077.00, 2077.00, 2056.50, 2068.75, 1280888, 2847329, 0, 0
2016/4/26, 00:00:00, 2069.75, 2076.75, 2065.00, 2074.00, 1225834, 2842322, 0, 0
2016/4/27, 00:00:00, 2067.75, 2079.50, 2061.75, 2076.25, 1420203, 2837325, 0, 0
2016/4/28, 00:00:00, 2078.00, 2079.75, 2050.75, 2058.00, 1938653, 2820781, 0, 0
2016/4/29, 00:00:00, 2059.25, 2061.50, 2031.25, 2044.50, 2419757, 2773168, 0, 0
2016/5/2, 00:00:00, 2046.25, 2063.00, 2041.00, 2059.75, 1306173, 2775854, 0, 0
2016/5/3, 00:00:00, 2061.00, 2061.75, 2033.50, 2042.50, 1827577, 2776044, 0, 0
2016/5/4, 00:00:00, 2043.00, 2045.75, 2024.50, 2032.50, 1557981, 2793137, 0, 0
2016/5/5, 00:00:00, 2032.00, 2045.50, 2025.00, 2029.50, 1433289, 2793851, 0, 0
2016/5/6, 00:00:00, 2029.00, 2040.00, 2016.00, 2038.25, 1813432, 2784714, 0, 0
2016/5/9, 00:00:00, 2038.50, 2045.25, 2033.75, 2039.75, 1370423, 2786287, 0, 0
2016/5/10, 00:00:00, 2039.50, 2065.25, 2033.50, 2063.00, 1416966, 2818389, 0, 0
2016/5/11, 00:00:00, 2062.75, 2064.25, 2043.00, 2043.50, 1471852, 2791285, 0, 0
2016/5/12, 00:00:00, 2044.50, 2058.25, 2034.00, 2044.25, 1799103, 2788453, 0, 0
2016/5/13, 00:00:00, 2044.75, 2049.00, 2024.00, 2029.00, 1878403, 2795106, 0, 0
2016/5/16, 00:00:00, 2026.75, 2054.00, 2020.50, 2048.25, 1421736, 2807176, 0, 0
2016/5/17, 00:00:00, 2047.50, 2055.00, 2022.25, 2029.00, 1988181, 2803597, 0, 0
2016/5/18, 00:00:00, 2029.25, 2043.25, 2016.25, 2027.00, 2085972, 2825083, 0, 0
2016/5/19, 00:00:00, 2029.00, 2030.25, 2007.50, 2024.25, 2055973, 2849694, 0, 0
2016/5/20, 00:00:00, 2024.25, 2041.00, 2022.75, 2035.50, 1583721, 2883517, 0, 0
2016/5/23, 00:00:00, 2038.75, 2041.50, 2029.00, 2030.75, 1183296, 2890979, 0, 0
2016/5/24, 00:00:00, 2030.50, 2062.75, 2026.75, 2060.50, 1603195, 2921127, 0, 0
2016/5/25, 00:00:00, 2060.50, 2078.00, 2059.00, 2072.75, 1442270, 2921940, 0, 0
2016/5/26, 00:00:00, 2074.25, 2077.25, 2068.00, 2075.25, 968439, 2915095, 0, 0
2016/5/27, 00:00:00, 2076.00, 2084.25, 2073.50, 2082.75, 1035175, 2923990, 0, 0
2016/5/31, 00:00:00, 2085.50, 2089.25, 2071.50, 2080.50, 1631254, 2920359, 0, 0
2016/6/1, 00:00:00, 2079.50, 2084.75, 2068.75, 2083.50, 1317565, 2929830, 0, 0
2016/6/2, 00:00:00, 2082.25, 2090.25, 2072.25, 2089.25, 1299962, 2962011, 0, 0
2016/6/3, 00:00:00, 2089.00, 2091.50, 2068.25, 2083.25, 1746160, 2982125, 0, 0
2016/6/6, 00:00:00, 2083.00, 2097.75, 2079.50, 2093.75, 1272974, 2969778, 0, 0
2016/6/7, 00:00:00, 2093.75, 2103.50, 2092.00, 2095.75, 1125951, 2946364, 0, 0
2016/6/8, 00:00:00, 2095.75, 2105.25, 2092.00, 2103.50, 1308451, 2850221, 0, 0
2016/6/9, 00:00:00, 2103.25, 2104.25, 2092.00, 2100.00, 785978, 776981, 0, 0
2016/6/10, 00:00:00, 2099.25, 2099.50, 2074.25, 2082.00, 1799239, 1213016, 0, 0
2016/6/13, 00:00:00, 2075.75, 2084.00, 2061.25, 2064.50, 2515271, 1865658, 0, 0
2016/6/14, 00:00:00, 2062.00, 2067.50, 2049.50, 2060.75, 2770212, 2419029, 0, 0
2016/6/15, 00:00:00, 2059.25, 2074.25, 2054.50, 2058.25, 1917677, 2680115, 0, 0
2016/6/16, 00:00:00, 2057.25, 2066.25, 2035.50, 2065.25, 2446637, 2759833, 0, 0
2016/6/17, 00:00:00, 2063.50, 2069.50, 2048.00, 2053.75, 1833560, 2774441, 0, 0
2016/6/20, 00:00:00, 2065.75, 2087.25, 2065.00, 2069.00, 1598465, 2781532, 0, 0
2016/6/21, 00:00:00, 2073.75, 2080.75, 2068.75, 2075.25, 1400709, 2769327, 0, 0
2016/6/22, 00:00:00, 2074.00, 2086.00, 2070.00, 2071.50, 1419838, 2779028, 0, 0
2016/6/23, 00:00:00, 2077.75, 2108.00, 2077.75, 2100.50, 1314510, 2767191, 0, 0
2016/6/24, 00:00:00, 2110.50, 2114.25, 1993.75, 2013.25, 4174598, 2936291, 0, 0
2016/6/27, 00:00:00, 2008.50, 2017.25, 1976.25, 1979.75, 3021015, 2971282, 0, 0
2016/6/28, 00:00:00, 1977.25, 2024.50, 1977.00, 2023.25, 2285755, 2938555, 0, 0
2016/6/29, 00:00:00, 2023.00, 2069.50, 2017.50, 2061.50, 2065151, 3014342, 0, 0
2016/6/30, 00:00:00, 2067.00, 2086.00, 2051.25, 2085.00, 2301226, 2999878, 0, 0
2016/7/1, 00:00:00, 2081.25, 2095.50, 2076.25, 2091.00, 1665376, 2964059, 0, 0
2016/7/5, 00:00:00, 2094.50, 2099.50, 2067.25, 2077.50, 1862935, 2990285, 0, 0
2016/7/6, 00:00:00, 2078.75, 2089.25, 2060.50, 2088.75, 2054794, 2991181, 0, 0
2016/7/7, 00:00:00, 2086.75, 2096.75, 2076.50, 2086.75, 1666356, 2972636, 0, 0
2016/7/8, 00:00:00, 2086.75, 2120.25, 2082.25, 2115.25, 1962358, 2990354, 0, 0
2016/7/11, 00:00:00, 2115.00, 2131.50, 2114.75, 2125.00, 1467322, 2989265, 0, 0
2016/7/12, 00:00:00, 2125.50, 2144.00, 2123.25, 2140.50, 1704053, 2954643, 0, 0
2016/7/13, 00:00:00, 2140.50, 2147.00, 2134.25, 2140.75, 1633489, 2971143, 0, 0
2016/7/14, 00:00:00, 2140.00, 2162.75, 2137.50, 2152.00, 1782561, 2972196, 0, 0
2016/7/15, 00:00:00, 2151.25, 2159.50, 2138.00, 2147.50, 1518276, 2929258, 0, 0
2016/7/18, 00:00:00, 2149.25, 2158.00, 2147.50, 2154.75, 1205765, 2948315, 0, 0
2016/7/19, 00:00:00, 2154.75, 2155.50, 2146.00, 2153.50, 1151631, 2949823, 0, 0
2016/7/20, 00:00:00, 2153.75, 2164.50, 2150.00, 2162.25, 1134131, 2941964, 0, 0
2016/7/21, 00:00:00, 2163.00, 2165.00, 2148.25, 2152.75, 1300678, 2924164, 0, 0
2016/7/22, 00:00:00, 2153.75, 2164.00, 2150.75, 2162.25, 1133059, 2948052, 0, 0
2016/7/25, 00:00:00, 2162.50, 2167.25, 2150.50, 2157.00, 1264905, 2933070, 0, 0
2016/7/26, 00:00:00, 2157.50, 2162.75, 2148.50, 2158.00, 1609035, 2934771, 0, 0
2016/7/27, 00:00:00, 2160.75, 2164.00, 2146.75, 2155.25, 1642569, 2924284, 0, 0
2016/7/28, 00:00:00, 2157.50, 2163.25, 2148.25, 2159.50, 1622142, 2925225, 0, 0
2016/7/29, 00:00:00, 2160.25, 2166.50, 2152.25, 2163.00, 1718155, 2881534, 0, 0
2016/8/1, 00:00:00, 2168.75, 2172.50, 2154.50, 2159.25, 1659094, 2894206, 0, 0
2016/8/2, 00:00:00, 2160.75, 2165.75, 2136.25, 2147.50, 1958950, 2902982, 0, 0
2016/8/3, 00:00:00, 2147.00, 2153.00, 2140.00, 2151.75, 1371176, 2900807, 0, 0
2016/8/4, 00:00:00, 2151.50, 2159.00, 2148.75, 2154.00, 1239577, 2885181, 0, 0
2016/8/5, 00:00:00, 2154.25, 2173.25, 2154.00, 2171.50, 1370482, 2882132, 0, 0
2016/8/8, 00:00:00, 2170.75, 2177.75, 2168.00, 2170.25, 970557, 2855905, 0, 0
2016/8/9, 00:00:00, 2170.75, 2178.25, 2168.50, 2172.25, 1191826, 2877471, 0, 0
2016/8/10, 00:00:00, 2172.75, 2176.25, 2162.50, 2167.50, 1371937, 2892125, 0, 0
2016/8/11, 00:00:00, 2167.25, 2180.00, 2164.75, 2176.50, 1326004, 2894148, 0, 0
2016/8/12, 00:00:00, 2176.50, 2178.75, 2170.25, 2175.00, 1270055, 2893992, 0, 0
2016/8/15, 00:00:00, 2175.50, 2185.50, 2175.25, 2180.75, 1090675, 2918800, 0, 0
2016/8/16, 00:00:00, 2180.75, 2181.00, 2170.00, 2171.50, 1391768, 2892388, 0, 0
2016/8/17, 00:00:00, 2172.25, 2176.75, 2160.25, 2174.50, 1702425, 2895653, 0, 0
2016/8/18, 00:00:00, 2175.50, 2179.25, 2171.00, 2178.25, 1201115, 2910049, 0, 0
2016/8/19, 00:00:00, 2178.25, 2179.00, 2167.25, 2176.50, 1431860, 2911683, 0, 0
2016/8/22, 00:00:00, 2176.50, 2179.25, 2168.25, 2176.25, 1543249, 2920136, 0, 0
2016/8/23, 00:00:00, 2175.50, 2186.25, 2174.00, 2180.00, 1125503, 2940595, 0, 0
2016/8/24, 00:00:00, 2180.50, 2182.50, 2163.50, 2169.75, 1508048, 2941003, 0, 0
2016/8/25, 00:00:00, 2169.75, 2172.00, 2162.25, 2168.25, 1501328, 2938857, 0, 0
2016/8/26, 00:00:00, 2168.75, 2181.50, 2152.25, 2163.25, 2535682, 2944282, 0, 0
2016/8/29, 00:00:00, 2162.50, 2177.00, 2159.25, 2174.00, 1245215, 2971033, 0, 0
2016/8/30, 00:00:00, 2174.75, 2176.25, 2163.25, 2170.00, 1372345, 2947680, 0, 0
2016/8/31, 00:00:00, 2170.50, 2171.00, 2154.25, 2164.25, 1864629, 2969745, 0, 0
2016/9/1, 00:00:00, 2163.75, 2172.00, 2149.50, 2162.00, 1943431, 2968916, 0, 0
2016/9/2, 00:00:00, 2161.00, 2178.50, 2159.00, 2172.75, 1700143, 2959084, 0, 0
2016/9/6, 00:00:00, 2174.00, 2181.00, 2167.75, 2179.25, 1627643, 2937524, 0, 0
2016/9/7, 00:00:00, 2180.00, 2181.50, 2172.25, 2179.25, 1459543, 2897892, 0, 0
2016/9/8, 00:00:00, 2179.25, 2184.00, 2170.50, 2172.25, 866144, 826592, 0, 0
2016/9/9, 00:00:00, 2171.50, 2173.00, 2114.50, 2117.25, 2818480, 1446823, 0, 0
2016/9/12, 00:00:00, 2116.50, 2157.25, 2101.50, 2153.25, 3327280, 1985223, 0, 0
2016/9/13, 00:00:00, 2151.75, 2152.00, 2113.50, 2123.50, 3724471, 2442135, 0, 0
2016/9/14, 00:00:00, 2126.25, 2135.75, 2113.25, 2114.50, 2546136, 2691473, 0, 0
2016/9/15, 00:00:00, 2116.25, 2145.75, 2109.00, 2139.25, 2301296, 2818070, 0, 0
2016/9/16, 00:00:00, 2137.75, 2138.25, 2124.25, 2133.75, 2064530, 2860255, 0, 0
2016/9/19, 00:00:00, 2133.50, 2148.00, 2129.00, 2134.25, 1527880, 2886280, 0, 0
2016/9/20, 00:00:00, 2135.00, 2144.75, 2130.25, 2132.25, 1385876, 2895223, 0, 0
2016/9/21, 00:00:00, 2131.25, 2158.75, 2127.50, 2157.50, 1826950, 2907266, 0, 0
2016/9/22, 00:00:00, 2157.50, 2174.00, 2154.00, 2169.50, 1523998, 2912107, 0, 0
2016/9/23, 00:00:00, 2169.50, 2170.75, 2157.25, 2159.25, 1448300, 2905516, 0, 0
2016/9/26, 00:00:00, 2157.50, 2160.75, 2138.00, 2141.00, 1602771, 2885941, 0, 0
2016/9/27, 00:00:00, 2140.50, 2155.25, 2134.00, 2154.00, 1659780, 2880648, 0, 0
2016/9/28, 00:00:00, 2153.25, 2166.50, 2145.25, 2164.50, 1733016, 2895144, 0, 0
2016/9/29, 00:00:00, 2163.50, 2168.25, 2138.50, 2149.75, 2306654, 2894929, 0, 0
2016/9/30, 00:00:00, 2147.00, 2169.50, 2137.00, 2161.75, 1989690, 2898001, 0, 0
2016/10/3, 00:00:00, 2160.00, 2165.25, 2148.00, 2154.50, 1406125, 2878657, 0, 0
2016/10/4, 00:00:00, 2155.00, 2161.00, 2137.25, 2146.00, 2143439, 2912290, 0, 0
2016/10/5, 00:00:00, 2145.50, 2159.25, 2142.25, 2154.50, 1369566, 2921730, 0, 0
2016/10/6, 00:00:00, 2154.50, 2158.50, 2144.50, 2157.75, 1209239, 2920563, 0, 0
2016/10/7, 00:00:00, 2156.50, 2162.75, 2139.25, 2147.75, 1958026, 2913295, 0, 0
2016/10/10, 00:00:00, 2153.25, 2164.75, 2149.75, 2160.25, 952867, 2942901, 0, 0
2016/10/11, 00:00:00, 2160.75, 2162.00, 2123.00, 2135.75, 2243746, 2927494, 0, 0
2016/10/12, 00:00:00, 2134.25, 2142.00, 2127.50, 2132.75, 1483026, 2929169, 0, 0
2016/10/13, 00:00:00, 2129.00, 2133.50, 2109.00, 2127.50, 2195134, 2928712, 0, 0
2016/10/14, 00:00:00, 2127.50, 2144.50, 2123.50, 2128.25, 1841156, 2920332, 0, 0
2016/10/17, 00:00:00, 2127.50, 2131.25, 2118.00, 2124.25, 1251946, 2925829, 0, 0
2016/10/18, 00:00:00, 2123.75, 2141.00, 2121.50, 2133.25, 1139317, 2928096, 0, 0
2016/10/19, 00:00:00, 2132.75, 2143.75, 2127.75, 2139.25, 948475, 2944305, 0, 0
2016/10/20, 00:00:00, 2138.75, 2145.75, 2128.00, 2138.25, 1611098, 2944425, 0, 0
2016/10/21, 00:00:00, 2137.25, 2139.75, 2124.50, 2136.00, 1409837, 2968897, 0, 0
2016/10/24, 00:00:00, 2138.25, 2150.25, 2136.00, 2145.50, 1010790, 2984151, 0, 0
2016/10/25, 00:00:00, 2146.00, 2151.00, 2136.50, 2139.25, 1198210, 2979531, 0, 0
2016/10/26, 00:00:00, 2136.50, 2141.25, 2126.00, 2135.25, 1548442, 2976108, 0, 0
2016/10/27, 00:00:00, 2135.00, 2145.00, 2123.75, 2124.75, 1795356, 2985869, 0, 0
2016/10/28, 00:00:00, 2128.50, 2136.50, 2113.75, 2125.00, 2391182, 2969629, 0, 0
2016/10/31, 00:00:00, 2121.25, 2131.75, 2116.00, 2121.25, 1371713, 2977889, 0, 0
2016/11/1, 00:00:00, 2124.75, 2130.75, 2092.25, 2105.00, 2257062, 2959958, 0, 0
2016/11/2, 00:00:00, 2103.50, 2107.75, 2088.50, 2093.50, 2013595, 2930594, 0, 0
2016/11/3, 00:00:00, 2089.50, 2100.00, 2081.00, 2084.75, 1795490, 2951457, 0, 0
2016/11/4, 00:00:00, 2085.25, 2095.50, 2080.00, 2081.25, 2079129, 2916104, 0, 0
2016/11/7, 00:00:00, 2107.25, 2132.00, 2104.00, 2130.25, 1761750, 2903060, 0, 0
2016/11/8, 00:00:00, 2130.25, 2144.50, 2120.25, 2136.75, 1751369, 2896379, 0, 0
2016/11/9, 00:00:00, 2139.25, 2168.00, 2029.75, 2161.50, 5280237, 2934892, 0, 0
2016/11/10, 00:00:00, 2160.75, 2181.75, 2149.00, 2168.50, 3132340, 2927509, 0, 0
2016/11/11, 00:00:00, 2166.25, 2171.75, 2149.75, 2162.75, 1883989, 2862982, 0, 0
2016/11/14, 00:00:00, 2165.75, 2175.75, 2153.50, 2161.75, 1815339, 2858070, 0, 0
2016/11/15, 00:00:00, 2162.25, 2181.00, 2159.75, 2180.50, 1443589, 2867069, 0, 0
2016/11/16, 00:00:00, 2180.25, 2186.25, 2170.00, 2174.00, 1327887, 2892791, 0, 0
2016/11/17, 00:00:00, 2173.75, 2186.75, 2173.00, 2185.50, 1350348, 2918293, 0, 0
2016/11/18, 00:00:00, 2185.25, 2188.75, 2177.75, 2182.00, 1280719, 2932291, 0, 0
2016/11/21, 00:00:00, 2180.75, 2197.75, 2179.75, 2194.25, 1233201, 2972343, 0, 0
2016/11/22, 00:00:00, 2194.50, 2204.25, 2193.00, 2201.50, 1257560, 2975324, 0, 0
2016/11/23, 00:00:00, 2202.50, 2204.75, 2193.25, 2202.00, 1101994, 2980896, 0, 0
2016/11/25, 00:00:00, 2202.25, 2213.00, 2198.75, 2212.50, 561560, 2997249, 0, 0
2016/11/28, 00:00:00, 2209.25, 2210.75, 2199.50, 2202.00, 1371374, 2989883, 0, 0
2016/11/29, 00:00:00, 2201.50, 2210.75, 2197.50, 2205.00, 1405556, 3000528, 0, 0
2016/11/30, 00:00:00, 2204.50, 2215.00, 2198.50, 2200.00, 1960189, 2970185, 0, 0
2016/12/1, 00:00:00, 2200.75, 2204.25, 2187.25, 2193.25, 2148721, 2958961, 0, 0
2016/12/2, 00:00:00, 2191.75, 2198.50, 2185.50, 2193.25, 1682042, 2925447, 0, 0
2016/12/5, 00:00:00, 2185.25, 2210.00, 2180.25, 2205.50, 1663731, 2923523, 0, 0
2016/12/6, 00:00:00, 2206.25, 2213.25, 2201.50, 2211.25, 1483946, 2883375, 0, 0
2016/12/7, 00:00:00, 2212.50, 2242.50, 2208.00, 2238.00, 2328449, 2747403, 0, 0
2016/12/8, 00:00:00, 2237.75, 2252.50, 2234.25, 2249.00, 803345, 686875, 0, 0
2016/12/9, 00:00:00, 2248.00, 2262.25, 2246.25, 2261.25, 1609142, 1154579, 0, 0
2016/12/12, 00:00:00, 2261.75, 2271.25, 2253.25, 2257.00, 1973091, 1706174, 0, 0
2016/12/13, 00:00:00, 2256.75, 2279.50, 2254.25, 2274.25, 2325023, 2245145, 0, 0
2016/12/14, 00:00:00, 2274.50, 2279.00, 2249.50, 2258.50, 2267763, 2592645, 0, 0
2016/12/15, 00:00:00, 2258.25, 2274.25, 2253.75, 2265.00, 1976782, 2678369, 0, 0
2016/12/16, 00:00:00, 2266.00, 2270.50, 2256.00, 2261.75, 1415262, 2726523, 0, 0
2016/12/19, 00:00:00, 2262.50, 2270.25, 2260.50, 2266.50, 928690, 2732597, 0, 0
2016/12/20, 00:00:00, 2266.75, 2276.00, 2266.50, 2273.00, 814005, 2748679, 0, 0
2016/12/21, 00:00:00, 2273.75, 2274.50, 2264.50, 2267.00, 667705, 2735177, 0, 0
2016/12/22, 00:00:00, 2264.75, 2267.50, 2258.00, 2265.25, 847626, 2756335, 0, 0
2016/12/23, 00:00:00, 2264.00, 2267.50, 2260.75, 2266.50, 396535, 2755246, 0, 0
2016/12/27, 00:00:00, 2265.25, 2276.00, 2264.25, 2267.50, 498741, 2744092, 0, 0
2016/12/28, 00:00:00, 2267.75, 2274.00, 2250.00, 2251.75, 1000606, 2758174, 0, 0
2016/12/29, 00:00:00, 2252.00, 2256.50, 2246.00, 2251.50, 913220, 2752438, 0, 0
2016/12/30, 00:00:00, 2252.75, 2259.25, 2234.50, 2242.75, 1281987, 2787056, 0, 0
2017/1/3, 00:00:00, 2247.25, 2266.00, 2246.00, 2259.00, 1810351, 2799661, 0, 0
2017/1/4, 00:00:00, 2259.25, 2273.75, 2257.50, 2270.75, 1404875, 2804829, 0, 0
2017/1/5, 00:00:00, 2271.00, 2272.50, 2260.50, 2270.75, 1324035, 2807328, 0, 0
2017/1/6, 00:00:00, 2270.75, 2283.50, 2264.75, 2278.00, 1551007, 2815455, 0, 0
2017/1/9, 00:00:00, 2277.75, 2281.75, 2270.00, 2271.50, 1025182, 2814013, 0, 0
2017/1/10, 00:00:00, 2271.00, 2280.50, 2266.00, 2270.25, 1304523, 2813855, 0, 0
2017/1/11, 00:00:00, 2270.25, 2278.25, 2261.50, 2277.00, 1733727, 2812470, 0, 0
2017/1/12, 00:00:00, 2277.00, 2277.00, 2255.00, 2270.00, 1752976, 2793398, 0, 0
2017/1/13, 00:00:00, 2271.00, 2280.00, 2269.25, 2279.00, 1192660, 2803386, 0, 0
2017/1/17, 00:00:00, 2276.75, 2277.00, 2263.75, 2269.25, 1540220, 2791366, 0, 0
2017/1/18, 00:00:00, 2268.50, 2275.00, 2264.75, 2273.00, 1111992, 2790421, 0, 0
2017/1/19, 00:00:00, 2272.00, 2276.00, 2259.50, 2268.00, 1386240, 2813697, 0, 0
2017/1/20, 00:00:00, 2267.50, 2279.25, 2266.25, 2272.50, 1737181, 2793940, 0, 0
2017/1/23, 00:00:00, 2272.50, 2274.00, 2258.25, 2268.50, 1474482, 2821419, 0, 0
2017/1/24, 00:00:00, 2267.25, 2287.00, 2266.00, 2281.00, 1273116, 2847811, 0, 0
2017/1/25, 00:00:00, 2282.25, 2301.75, 2281.25, 2300.50, 1386477, 2855527, 0, 0
2017/1/26, 00:00:00, 2300.25, 2306.00, 2296.00, 2300.50, 1170427, 2835457, 0, 0
2017/1/27, 00:00:00, 2300.50, 2303.25, 2293.50, 2295.50, 942076, 2819735, 0, 0
2017/1/30, 00:00:00, 2288.50, 2292.25, 2269.75, 2282.50, 1850992, 2805447, 0, 0
2017/1/31, 00:00:00, 2282.25, 2284.75, 2268.75, 2281.00, 1628810, 2807756, 0, 0
2017/2/1, 00:00:00, 2283.50, 2291.50, 2274.75, 2281.00, 1565006, 2829202, 0, 0
2017/2/2, 00:00:00, 2281.50, 2286.25, 2271.00, 2282.00, 1414426, 2817455, 0, 0
2017/2/3, 00:00:00, 2280.50, 2300.50, 2277.00, 2297.50, 1415043, 2831500, 0, 0
2017/2/6, 00:00:00, 2299.50, 2300.75, 2290.00, 2293.00, 1164914, 2840033, 0, 0
2017/2/7, 00:00:00, 2292.75, 2301.50, 2290.50, 2295.00, 1202059, 2855102, 0, 0
2017/2/8, 00:00:00, 2292.25, 2298.50, 2287.50, 2296.75, 1283261, 2882114, 0, 0
2017/2/9, 00:00:00, 2297.00, 2314.25, 2294.25, 2310.75, 1354847, 2888499, 0, 0
2017/2/10, 00:00:00, 2310.75, 2322.25, 2309.50, 2319.25, 1177521, 2903005, 0, 0
2017/2/13, 00:00:00, 2320.75, 2335.50, 2319.75, 2332.75, 1210205, 2938992, 0, 0
2017/2/14, 00:00:00, 2333.00, 2344.25, 2326.25, 2343.50, 1390309, 2959085, 0, 0
2017/2/15, 00:00:00, 2342.00, 2358.00, 2337.75, 2357.00, 1532340, 2985535, 0, 0
2017/2/16, 00:00:00, 2356.75, 2357.25, 2343.25, 2352.00, 1737007, 2986733, 0, 0
2017/2/17, 00:00:00, 2351.50, 2355.25, 2343.00, 2354.50, 1399520, 2959348, 0, 0
2017/2/21, 00:00:00, 2353.00, 2371.50, 2352.50, 2366.50, 1653551, 2968353, 0, 0
2017/2/22, 00:00:00, 2366.50, 2370.25, 2361.75, 2367.50, 1301504, 2968035, 0, 0
2017/2/23, 00:00:00, 2368.50, 2374.00, 2359.50, 2369.25, 1556359, 2980360, 0, 0
2017/2/24, 00:00:00, 2368.00, 2372.25, 2356.00, 2371.50, 1551959, 2993230, 0, 0
2017/2/27, 00:00:00, 2369.25, 2377.25, 2367.50, 2374.75, 1156575, 3011470, 0, 0
2017/2/28, 00:00:00, 2372.25, 2375.25, 2364.00, 2369.25, 1610710, 2997859, 0, 0
2017/3/1, 00:00:00, 2371.00, 2407.50, 2369.75, 2400.00, 2171551, 3017456, 0, 0
2017/3/2, 00:00:00, 2398.75, 2400.75, 2384.50, 2388.50, 1744834, 3006952, 0, 0
2017/3/3, 00:00:00, 2386.25, 2389.75, 2380.25, 2387.75, 1357594, 3023373, 0, 0
2017/3/6, 00:00:00, 2386.75, 2387.25, 2373.50, 2382.00, 1376883, 3013897, 0, 0
2017/3/7, 00:00:00, 2377.75, 2382.00, 2371.00, 2373.00, 1303962, 2984987, 0, 0
2017/3/8, 00:00:00, 2372.25, 2379.50, 2366.00, 2370.50, 1651698, 2858334, 0, 0
2017/3/9, 00:00:00, 2370.25, 2376.25, 2361.00, 2373.25, 816870, 810266, 0, 0
2017/3/10, 00:00:00, 2374.50, 2386.25, 2369.00, 2378.50, 1865954, 1360269, 0, 0
2017/3/13, 00:00:00, 2377.75, 2382.00, 2374.75, 2381.75, 1612837, 2009462, 0, 0
2017/3/14, 00:00:00, 2380.75, 2381.50, 2364.75, 2373.00, 2014740, 2510965, 0, 0
2017/3/15, 00:00:00, 2373.50, 2397.75, 2373.00, 2390.50, 1775343, 2751526, 0, 0
2017/3/16, 00:00:00, 2389.25, 2398.75, 2383.50, 2389.00, 1616078, 2805086, 0, 0
2017/3/17, 00:00:00, 2389.25, 2392.25, 2382.75, 2385.25, 1277357, 2826536, 0, 0
2017/3/20, 00:00:00, 2383.75, 2386.00, 2375.50, 2380.25, 1076099, 2840769, 0, 0
2017/3/21, 00:00:00, 2379.00, 2388.75, 2348.00, 2352.25, 2567939, 2863550, 0, 0
2017/3/22, 00:00:00, 2350.50, 2358.75, 2342.25, 2352.50, 1883451, 2857290, 0, 0
2017/3/23, 00:00:00, 2352.25, 2366.00, 2348.25, 2350.00, 1631527, 2868912, 0, 0
2017/3/24, 00:00:00, 2351.00, 2362.75, 2341.75, 2354.75, 1600274, 2875174, 0, 0
2017/3/27, 00:00:00, 2347.00, 2351.50, 2327.75, 2348.50, 1614233, 2887081, 0, 0
2017/3/28, 00:00:00, 2350.50, 2370.50, 2343.50, 2361.50, 1623900, 2879278, 0, 0
2017/3/29, 00:00:00, 2363.00, 2369.75, 2358.75, 2367.00, 1154538, 2859571, 0, 0
2017/3/30, 00:00:00, 2367.00, 2376.75, 2363.25, 2374.50, 1164616, 2840998, 0, 0
2017/3/31, 00:00:00, 2375.50, 2376.75, 2366.75, 2369.25, 1568884, 2827140, 0, 0
2017/4/3, 00:00:00, 2367.50, 2373.25, 2350.00, 2366.00, 1716027, 2833401, 0, 0
2017/4/4, 00:00:00, 2364.25, 2368.75, 2354.75, 2366.50, 1209054, 2845954, 0, 0
2017/4/5, 00:00:00, 2368.75, 2385.00, 2353.75, 2356.50, 1938825, 2842290, 0, 0
2017/4/6, 00:00:00, 2355.50, 2371.25, 2348.00, 2363.75, 1595949, 2849681, 0, 0
2017/4/7, 00:00:00, 2365.25, 2370.75, 2346.75, 2362.25, 1473460, 2860278, 0, 0
2017/4/10, 00:00:00, 2361.75, 2373.25, 2357.50, 2362.50, 1351301, 2853258, 0, 0
2017/4/11, 00:00:00, 2364.25, 2365.75, 2343.25, 2361.00, 1856700, 2874990, 0, 0
2017/4/12, 00:00:00, 2361.75, 2366.50, 2347.50, 2350.75, 1534596, 2864722, 0, 0
2017/4/13, 00:00:00, 2348.75, 2355.00, 2334.00, 2337.50, 1587079, 2891636, 0, 0
2017/4/17, 00:00:00, 2334.00, 2356.00, 2332.75, 2355.00, 981675, 2917728, 0, 0
2017/4/18, 00:00:00, 2355.00, 2357.00, 2340.25, 2347.25, 1432200, 2902156, 0, 0
2017/4/19, 00:00:00, 2347.75, 2359.25, 2341.25, 2343.75, 1254296, 2916069, 0, 0
2017/4/20, 00:00:00, 2343.25, 2368.25, 2342.50, 2362.00, 1468523, 2931794, 0, 0
2017/4/21, 00:00:00, 2362.75, 2366.00, 2350.50, 2357.50, 1277783, 2913388, 0, 0
2017/4/24, 00:00:00, 2375.75, 2386.75, 2375.25, 2380.00, 1553985, 2930783, 0, 0
2017/4/25, 00:00:00, 2380.00, 2399.25, 2378.25, 2395.00, 1324272, 2935704, 0, 0
2017/4/26, 00:00:00, 2393.00, 2404.75, 2391.50, 2392.25, 1493096, 2938058, 0, 0
2017/4/27, 00:00:00, 2391.50, 2398.75, 2388.75, 2396.00, 1115269, 2923644, 0, 0
2017/4/28, 00:00:00, 2396.25, 2398.75, 2388.25, 2390.50, 1167297, 2912638, 0, 0
2017/5/1, 00:00:00, 2391.50, 2400.75, 2387.00, 2397.00, 906278, 2921914, 0, 0
2017/5/2, 00:00:00, 2396.25, 2398.75, 2391.75, 2395.75, 958983, 2934188, 0, 0
2017/5/3, 00:00:00, 2394.00, 2396.00, 2385.50, 2393.25, 1076558, 2956726, 0, 0
2017/5/4, 00:00:00, 2392.00, 2400.75, 2386.00, 2395.50, 1229736, 2968492, 0, 0
2017/5/5, 00:00:00, 2396.00, 2409.25, 2389.00, 2407.75, 1127621, 2962496, 0, 0
2017/5/8, 00:00:00, 2412.50, 2413.75, 2399.75, 2405.00, 957161, 2993818, 0, 0
2017/5/9, 00:00:00, 2404.50, 2410.00, 2398.75, 2403.25, 1105436, 3005154, 0, 0
2017/5/10, 00:00:00, 2401.75, 2407.00, 2397.50, 2405.25, 998859, 3021048, 0, 0
2017/5/11, 00:00:00, 2405.00, 2405.25, 2389.00, 2401.00, 1356242, 3028521, 0, 0
2017/5/12, 00:00:00, 2400.25, 2401.50, 2394.25, 2398.75, 1087422, 3042372, 0, 0
2017/5/15, 00:00:00, 2398.75, 2412.25, 2398.00, 2408.50, 1041264, 3014458, 0, 0
2017/5/16, 00:00:00, 2409.75, 2414.50, 2403.75, 2407.00, 1071111, 3022590, 0, 0
2017/5/17, 00:00:00, 2406.50, 2406.75, 2364.75, 2367.50, 2814349, 3043738, 0, 0
2017/5/18, 00:00:00, 2365.00, 2385.00, 2354.50, 2373.50, 2460956, 3013981, 0, 0
2017/5/19, 00:00:00, 2374.00, 2398.00, 2371.00, 2391.50, 1672971, 3053781, 0, 0
2017/5/22, 00:00:00, 2391.75, 2404.25, 2388.25, 2402.75, 1113022, 3021298, 0, 0
2017/5/23, 00:00:00, 2403.50, 2409.50, 2396.75, 2408.00, 1024986, 3016724, 0, 0
2017/5/24, 00:00:00, 2407.00, 2414.00, 2404.75, 2412.00, 984358, 3023636, 0, 0
2017/5/25, 00:00:00, 2413.00, 2427.75, 2412.50, 2423.50, 1315611, 3036957, 0, 0
2017/5/26, 00:00:00, 2423.00, 2425.75, 2418.00, 2423.75, 879560, 3021277, 0, 0
2017/5/30, 00:00:00, 2424.00, 2427.00, 2417.75, 2420.75, 1040285, 3016889, 0, 0
2017/5/31, 00:00:00, 2420.50, 2426.75, 2412.75, 2421.00, 1729723, 3009433, 0, 0
2017/6/1, 00:00:00, 2423.75, 2440.50, 2420.50, 2439.50, 1432385, 2994911, 0, 0
2017/6/2, 00:00:00, 2439.25, 2449.75, 2437.00, 2447.75, 1735800, 3012651, 0, 0
2017/6/5, 00:00:00, 2445.25, 2449.00, 2443.00, 2444.50, 891938, 2987026, 0, 0
2017/6/6, 00:00:00, 2444.25, 2445.75, 2436.25, 2440.75, 1353806, 2951006, 0, 0
2017/6/7, 00:00:00, 2439.50, 2445.00, 2434.00, 2442.00, 1431930, 2833510, 0, 0
2017/6/8, 00:00:00, 2441.50, 2448.00, 2436.25, 2441.50, 637421, 643602, 0, 0
2017/6/9, 00:00:00, 2436.50, 2454.75, 2423.75, 2439.50, 2096199, 1173137, 0, 0
2017/6/12, 00:00:00, 2439.25, 2440.00, 2428.00, 2437.75, 2175655, 1854267, 0, 0
2017/6/13, 00:00:00, 2437.75, 2450.50, 2436.50, 2449.25, 1923275, 2433721, 0, 0
2017/6/14, 00:00:00, 2449.50, 2454.50, 2437.00, 2446.50, 1818280, 2689253, 0, 0
2017/6/15, 00:00:00, 2445.00, 2445.75, 2427.50, 2443.25, 1874682, 2814642, 0, 0
2017/6/16, 00:00:00, 2442.50, 2448.00, 2431.50, 2442.25, 1336684, 2844602, 0, 0
2017/6/19, 00:00:00, 2444.75, 2462.75, 2444.00, 2458.75, 1223334, 2840491, 0, 0
2017/6/20, 00:00:00, 2459.00, 2462.25, 2445.25, 2448.75, 1332027, 2807910, 0, 0
2017/6/21, 00:00:00, 2447.00, 2451.25, 2439.25, 2444.75, 1374762, 2811556, 0, 0
2017/6/22, 00:00:00, 2443.00, 2450.25, 2439.25, 2443.00, 1056822, 2820925, 0, 0
2017/6/23, 00:00:00, 2442.50, 2450.00, 2439.50, 2446.25, 1197448, 2833023, 0, 0
2017/6/26, 00:00:00, 2443.25, 2458.75, 2441.25, 2447.25, 1265812, 2836678, 0, 0
2017/6/27, 00:00:00, 2447.00, 2448.50, 2427.75, 2431.75, 1639883, 2858564, 0, 0
2017/6/28, 00:00:00, 2428.25, 2453.75, 2425.00, 2449.75, 1560424, 2839741, 0, 0
2017/6/29, 00:00:00, 2453.25, 2456.25, 2413.50, 2431.25, 2337789, 2839900, 0, 0
2017/6/30, 00:00:00, 2432.00, 2441.00, 2426.25, 2432.25, 1638217, 2839439, 0, 0
2017/7/3, 00:00:00, 2433.25, 2447.75, 2432.75, 2436.25, 766228, 2829039, 0, 0
2017/7/5, 00:00:00, 2435.00, 2443.50, 2430.50, 2439.25, 1287423, 2829632, 0, 0
2017/7/6, 00:00:00, 2439.25, 2441.75, 2416.50, 2419.75, 1603746, 2824775, 0, 0
2017/7/7, 00:00:00, 2420.50, 2436.25, 2418.75, 2433.75, 1266391, 2820247, 0, 0
2017/7/10, 00:00:00, 2434.25, 2441.25, 2430.50, 2435.75, 861222, 2822091, 0, 0
2017/7/11, 00:00:00, 2435.00, 2439.00, 2421.50, 2435.75, 1132273, 2817389, 0, 0
2017/7/12, 00:00:00, 2436.25, 2455.00, 2433.75, 2451.25, 1163339, 2851150, 0, 0
2017/7/13, 00:00:00, 2452.50, 2458.25, 2450.25, 2456.75, 941061, 2854397, 0, 0
2017/7/14, 00:00:00, 2457.75, 2472.50, 2453.25, 2467.25, 1091078, 2865849, 0, 0
2017/7/17, 00:00:00, 2468.25, 2471.75, 2465.25, 2469.75, 862469, 2866491, 0, 0
2017/7/18, 00:00:00, 2470.50, 2472.25, 2459.25, 2469.00, 1091158, 2885191, 0, 0
2017/7/19, 00:00:00, 2471.00, 2483.25, 2469.00, 2482.75, 958463, 2909049, 0, 0
2017/7/20, 00:00:00, 2482.25, 2487.50, 2476.75, 2482.50, 1106684, 2936167, 0, 0
2017/7/21, 00:00:00, 2483.75, 2486.50, 2474.00, 2480.75, 1095937, 2953775, 0, 0
2017/7/24, 00:00:00, 2481.00, 2481.75, 2474.75, 2479.75, 857750, 2964274, 0, 0
2017/7/25, 00:00:00, 2478.25, 2490.00, 2477.50, 2485.25, 1074033, 2962640, 0, 0
2017/7/26, 00:00:00, 2486.50, 2491.00, 2482.75, 2484.50, 972444, 2948345, 0, 0
2017/7/27, 00:00:00, 2485.75, 2491.75, 2468.25, 2483.25, 1647577, 2970960, 0, 0
2017/7/28, 00:00:00, 2483.25, 2483.25, 2472.75, 2481.50, 1156784, 2984105, 0, 0
2017/7/31, 00:00:00, 2481.75, 2486.25, 2476.50, 2479.25, 1229202, 2994555, 0, 0
2017/8/1, 00:00:00, 2479.25, 2488.50, 2477.50, 2483.50, 1043439, 3021662, 0, 0
2017/8/2, 00:00:00, 2485.25, 2487.25, 2474.50, 2484.75, 1304650, 3020172, 0, 0
2017/8/3, 00:00:00, 2484.50, 2485.75, 2477.25, 2483.00, 1087355, 3044605, 0, 0
2017/8/4, 00:00:00, 2482.00, 2489.00, 2479.00, 2483.25, 1070866, 3043959, 0, 0
2017/8/7, 00:00:00, 2483.50, 2489.50, 2483.25, 2488.75, 599701, 3053147, 0, 0
2017/8/8, 00:00:00, 2488.75, 2499.75, 2478.75, 2484.00, 1367671, 3064631, 0, 0
2017/8/9, 00:00:00, 2481.25, 2485.75, 2470.25, 2484.25, 1555517, 3086189, 0, 0
2017/8/10, 00:00:00, 2485.25, 2485.50, 2444.00, 2448.75, 2324062, 3103935, 0, 0
2017/8/11, 00:00:00, 2445.75, 2457.75, 2441.50, 2451.25, 1670104, 3090248, 0, 0
2017/8/14, 00:00:00, 2452.75, 2477.75, 2452.75, 2474.75, 1470477, 3114038, 0, 0
2017/8/15, 00:00:00, 2475.75, 2484.50, 2471.25, 2475.00, 1060173, 3095077, 0, 0
2017/8/16, 00:00:00, 2475.75, 2485.25, 2472.75, 2478.75, 1137333, 3112624, 0, 0
2017/8/17, 00:00:00, 2478.00, 2479.75, 2435.00, 2440.75, 2236170, 3125361, 0, 0
2017/8/18, 00:00:00, 2438.00, 2450.75, 2430.75, 2438.00, 2203303, 3127030, 0, 0
2017/8/21, 00:00:00, 2440.00, 2442.75, 2427.00, 2439.25, 1339966, 3139301, 0, 0
2017/8/22, 00:00:00, 2439.25, 2465.50, 2438.75, 2464.00, 1367156, 3137149, 0, 0
2017/8/23, 00:00:00, 2464.25, 2466.00, 2450.00, 2452.75, 1243382, 3145019, 0, 0
2017/8/24, 00:00:00, 2451.50, 2460.25, 2445.75, 2452.00, 1407417, 3150958, 0, 0
2017/8/25, 00:00:00, 2453.75, 2464.75, 2448.75, 2453.75, 1211227, 3175692, 0, 0
2017/8/28, 00:00:00, 2453.25, 2460.50, 2447.50, 2455.00, 953054, 3165053, 0, 0
2017/8/29, 00:00:00, 2445.25, 2459.75, 2432.25, 2458.25, 1615262, 3176774, 0, 0
2017/8/30, 00:00:00, 2457.75, 2471.00, 2454.00, 2467.00, 1301444, 3193564, 0, 0
2017/8/31, 00:00:00, 2466.50, 2485.50, 2466.00, 2481.25, 1752826, 3208773, 0, 0
2017/9/1, 00:00:00, 2481.50, 2491.00, 2481.25, 2485.50, 1057024, 3189967, 0, 0
2017/9/5, 00:00:00, 2472.50, 2482.50, 2456.75, 2471.00, 2123649, 3120167, 0, 0
2017/9/6, 00:00:00, 2471.50, 2480.25, 2467.75, 2476.75, 1553109, 0, 0, 0
2017/9/7, 00:00:00, 2475.25, 2480.00, 2468.75, 2477.75, 699851, 719665, 0, 0
2017/9/8, 00:00:00, 2477.75, 2478.75, 2468.25, 2474.00, 1465772, 1244827, 0, 0
2017/9/11, 00:00:00, 2480.75, 2500.25, 2479.75, 2498.75, 1893177, 1942428, 0, 0
2017/9/12, 00:00:00, 2499.50, 2508.00, 2498.25, 2507.25, 1739059, 2617586, 0, 0
2017/9/13, 00:00:00, 2508.25, 2508.50, 2502.00, 2507.75, 1426452, 2954281, 0, 0
2017/9/14, 00:00:00, 2507.50, 2509.25, 2500.50, 2507.25, 1372582, 3059813, 0, 0
2017/9/15, 00:00:00, 2506.75, 2513.00, 2500.00, 2510.25, 1367390, 3088031, 0, 0
2017/9/18, 00:00:00, 2512.00, 2519.00, 2510.75, 2515.75, 1090827, 3107021, 0, 0
2017/9/19, 00:00:00, 2515.75, 2519.00, 2514.00, 2517.75, 961109, 3077878, 0, 0
2017/9/20, 00:00:00, 2516.75, 2520.25, 2507.00, 2518.25, 1232948, 3084444, 0, 0
2017/9/21, 00:00:00, 2517.50, 2519.25, 2509.50, 2514.00, 1117630, 3073085, 0, 0
2017/9/22, 00:00:00, 2513.75, 2514.00, 2505.00, 2512.50, 1024727, 3048657, 0, 0
2017/9/25, 00:00:00, 2512.00, 2517.50, 2498.00, 2510.00, 1539626, 3052713, 0, 0
2017/9/26, 00:00:00, 2511.00, 2514.25, 2505.25, 2508.50, 1144642, 3045716, 0, 0
2017/9/27, 00:00:00, 2508.00, 2522.25, 2506.00, 2517.50, 1576031, 3029435, 0, 0
2017/9/28, 00:00:00, 2516.25, 2521.25, 2512.00, 2520.75, 1109027, 2998518, 0, 0
2017/9/29, 00:00:00, 2520.75, 2530.75, 2517.75, 2529.00, 1368322, 2965796, 0, 0
2017/10/2, 00:00:00, 2531.00, 2541.00, 2530.00, 2539.25, 1138362, 2989180, 0, 0
2017/10/3, 00:00:00, 2540.25, 2546.50, 2538.50, 2545.75, 849153, 2991691, 0, 0
2017/10/4, 00:00:00, 2546.00, 2551.00, 2542.00, 2549.25, 956590, 3019627, 0, 0
2017/10/5, 00:00:00, 2548.25, 2563.75, 2547.50, 2563.00, 1104438, 3059096, 0, 0
2017/10/6, 00:00:00, 2561.75, 2562.75, 2554.50, 2558.00, 1169419, 3050587, 0, 0
2017/10/9, 00:00:00, 2556.25, 2563.50, 2552.25, 2556.75, 735488, 3053792, 0, 0
2017/10/10, 00:00:00, 2556.25, 2566.25, 2555.75, 2561.50, 1149236, 3043930, 0, 0
2017/10/11, 00:00:00, 2561.75, 2566.50, 2557.25, 2566.00, 818238, 3043432, 0, 0
2017/10/12, 00:00:00, 2565.25, 2566.25, 2559.25, 2562.50, 938476, 3051483, 0, 0
2017/10/13, 00:00:00, 2561.00, 2568.50, 2560.00, 2565.75, 918541, 3043181, 0, 0
2017/10/16, 00:00:00, 2565.25, 2570.75, 2563.75, 2569.25, 795923, 3046741, 0, 0
2017/10/17, 00:00:00, 2568.50, 2570.75, 2565.25, 2570.00, 738739, 3049820, 0, 0
2017/10/18, 00:00:00, 2569.50, 2575.25, 2569.25, 2573.00, 753384, 3066930, 0, 0
2017/10/19, 00:00:00, 2573.00, 2574.50, 2555.50, 2573.50, 1362805, 3075982, 0, 0
2017/10/20, 00:00:00, 2574.00, 2587.50, 2572.50, 2587.00, 1254054, 3086207, 0, 0
2017/10/23, 00:00:00, 2585.75, 2590.25, 2574.50, 2576.50, 1272965, 3099071, 0, 0
2017/10/24, 00:00:00, 2575.50, 2583.25, 2575.25, 2580.25, 1047808, 3110298, 0, 0
2017/10/25, 00:00:00, 2577.75, 2579.25, 2554.50, 2571.50, 2099172, 3089530, 0, 0
2017/10/26, 00:00:00, 2572.50, 2578.00, 2568.50, 2574.50, 1392205, 3113436, 0, 0
2017/10/27, 00:00:00, 2574.50, 2593.75, 2570.50, 2591.50, 1561074, 3135063, 0, 0
2017/10/30, 00:00:00, 2588.50, 2591.25, 2578.50, 2581.25, 1237600, 3124388, 0, 0
2017/10/31, 00:00:00, 2581.00, 2588.50, 2579.75, 2585.75, 1051279, 3115078, 0, 0
2017/11/1, 00:00:00, 2585.75, 2598.50, 2584.00, 2587.75, 1290220, 3131769, 0, 0
2017/11/2, 00:00:00, 2584.50, 2591.50, 2575.25, 2589.75, 1297222, 3135768, 0, 0
2017/11/3, 00:00:00, 2590.50, 2598.50, 2586.50, 2595.75, 992681, 3163563, 0, 0
2017/11/6, 00:00:00, 2593.00, 2603.00, 2588.50, 2601.75, 848119, 3158316, 0, 0
2017/11/7, 00:00:00, 2600.75, 2606.50, 2593.75, 2599.75, 1163840, 3167322, 0, 0
2017/11/8, 00:00:00, 2597.00, 2605.50, 2592.75, 2604.00, 1058023, 3156032, 0, 0
2017/11/9, 00:00:00, 2604.25, 2607.50, 2576.25, 2597.00, 2218191, 3155416, 0, 0
2017/11/10, 00:00:00, 2595.00, 2598.75, 2584.50, 2592.50, 1193217, 3179045, 0, 0
2017/11/13, 00:00:00, 2593.25, 2598.50, 2583.25, 2595.00, 1052173, 3175524, 0, 0
2017/11/14, 00:00:00, 2593.25, 2595.25, 2577.25, 2591.00, 1582882, 3176001, 0, 0
2017/11/15, 00:00:00, 2589.75, 2590.00, 2568.50, 2578.00, 1917948, 3180712, 0, 0
2017/11/16, 00:00:00, 2577.25, 2602.50, 2575.25, 2598.00, 1528865, 3219914, 0, 0
2017/11/17, 00:00:00, 2597.25, 2599.00, 2587.75, 2589.25, 1186958, 3205145, 0, 0
2017/11/20, 00:00:00, 2589.00, 2597.00, 2580.75, 2595.00, 1000520, 3195685, 0, 0
2017/11/21, 00:00:00, 2595.00, 2613.50, 2592.25, 2609.25, 1153787, 3213608, 0, 0
2017/11/22, 00:00:00, 2608.75, 2613.00, 2605.75, 2607.50, 770812, 3196045, 0, 0
2017/11/24, 00:00:00, 2606.25, 2616.00, 2602.50, 2614.00, 551196, 3204044, 0, 0
2017/11/27, 00:00:00, 2614.00, 2618.50, 2609.50, 2614.75, 960112, 3200150, 0, 0
2017/11/28, 00:00:00, 2615.25, 2640.00, 2610.50, 2639.00, 1558414, 3236041, 0, 0
2017/11/29, 00:00:00, 2638.50, 2647.25, 2632.75, 2638.00, 1661775, 3239614, 0, 0
2017/11/30, 00:00:00, 2638.00, 2671.50, 2634.75, 2661.00, 2346236, 3275991, 0, 0
2017/12/1, 00:00:00, 2653.75, 2663.75, 2618.00, 2657.00, 2520826, 3231700, 0, 0
2017/12/4, 00:00:00, 2667.50, 2678.25, 2646.75, 2651.25, 1756938, 3230754, 0, 0
2017/12/5, 00:00:00, 2649.00, 2661.75, 2640.25, 2641.25, 1392821, 3137281, 0, 0
2017/12/6, 00:00:00, 2639.75, 2647.50, 2633.00, 2642.25, 1307666, 3018724, 0, 0
2017/12/7, 00:00:00, 2643.50, 2654.00, 2639.25, 2652.50, 645300, 861700, 0, 0
2017/12/8, 00:00:00, 2652.50, 2665.50, 2650.50, 2664.25, 1327053, 1392934, 0, 0
2017/12/11, 00:00:00, 2665.25, 2678.00, 2662.50, 2674.75, 1633120, 2071077, 0, 0
2017/12/12, 00:00:00, 2676.25, 2683.25, 2673.50, 2678.00, 1659061, 2527944, 0, 0
2017/12/13, 00:00:00, 2678.00, 2685.75, 2669.50, 2679.25, 1565803, 2844874, 0, 0
2017/12/14, 00:00:00, 2678.75, 2683.75, 2662.00, 2666.25, 1467120, 2940089, 0, 0
2017/12/15, 00:00:00, 2663.00, 2693.50, 2662.75, 2692.25, 1410847, 2928463, 0, 0
2017/12/18, 00:00:00, 2693.25, 2708.25, 2692.75, 2704.75, 1040769, 2967731, 0, 0
2017/12/19, 00:00:00, 2705.25, 2708.25, 2692.75, 2694.25, 980483, 2969224, 0, 0
2017/12/20, 00:00:00, 2695.00, 2705.75, 2689.25, 2691.75, 981223, 2999594, 0, 0
2017/12/21, 00:00:00, 2691.75, 2706.25, 2691.00, 2698.00, 853748, 3007612, 0, 0
2017/12/22, 00:00:00, 2697.00, 2701.75, 2692.50, 2696.25, 654510, 3035200, 0, 0
2017/12/26, 00:00:00, 2697.00, 2699.75, 2693.75, 2697.25, 376101, 3038366, 0, 0
2017/12/27, 00:00:00, 2697.75, 2701.25, 2691.75, 2695.75, 666329, 3023788, 0, 0
2017/12/28, 00:00:00, 2694.25, 2699.25, 2693.25, 2696.00, 535624, 3013748, 0, 0
2017/12/29, 00:00:00, 2695.00, 2708.50, 2678.00, 2686.25, 1092038, 2989056, 0, 0
2018/1/2, 00:00:00, 2685.50, 2706.25, 2684.75, 2703.25, 996265, 3017744, 0, 0
2018/1/3, 00:00:00, 2704.00, 2724.50, 2702.50, 2721.25, 1114548, 3064592, 0, 0
2018/1/4, 00:00:00, 2720.50, 2739.25, 2718.75, 2734.00, 1166017, 3107934, 0, 0
2018/1/5, 00:00:00, 2735.25, 2753.50, 2734.00, 2752.75, 1136500, 3144990, 0, 0
2018/1/8, 00:00:00, 2752.00, 2758.75, 2746.75, 2757.00, 903544, 3168055, 0, 0
2018/1/9, 00:00:00, 2756.75, 2770.25, 2753.00, 2762.50, 1137598, 3190900, 0, 0
2018/1/10, 00:00:00, 2760.00, 2762.25, 2746.75, 2760.75, 1289898, 3203452, 0, 0
2018/1/11, 00:00:00, 2760.25, 2780.75, 2758.00, 2779.75, 1045414, 3198069, 0, 0
2018/1/12, 00:00:00, 2779.00, 2800.25, 2777.00, 2799.00, 1357120, 3210339, 0, 0
2018/1/16, 00:00:00, 2800.00, 2818.75, 2779.50, 2792.75, 1981469, 3246225, 0, 0
2018/1/17, 00:00:00, 2793.00, 2819.75, 2789.25, 2814.00, 1541873, 3250369, 0, 0
2018/1/18, 00:00:00, 2813.50, 2818.25, 2804.00, 2806.50, 1345331, 3273650, 0, 0
2018/1/19, 00:00:00, 2807.25, 2825.25, 2802.00, 2821.25, 1363990, 3303322, 0, 0
2018/1/22, 00:00:00, 2814.25, 2848.50, 2812.25, 2845.50, 1179414, 3312310, 0, 0
2018/1/23, 00:00:00, 2845.50, 2855.00, 2839.00, 2849.75, 1282163, 3318612, 0, 0
2018/1/24, 00:00:00, 2847.25, 2865.50, 2835.75, 2851.25, 1885278, 3349443, 0, 0
2018/1/25, 00:00:00, 2850.25, 2864.00, 2841.00, 2851.50, 1439217, 3337061, 0, 0
2018/1/26, 00:00:00, 2852.50, 2886.25, 2851.50, 2884.75, 1286287, 3331783, 0, 0
2018/1/29, 00:00:00, 2884.50, 2888.75, 2861.75, 2863.75, 1395078, 3295318, 0, 0
2018/1/30, 00:00:00, 2863.50, 2868.25, 2828.75, 2834.75, 2133815, 3278038, 0, 0
2018/1/31, 00:00:00, 2833.50, 2850.00, 2823.25, 2836.00, 1841227, 3295548, 0, 0
2018/2/1, 00:00:00, 2839.00, 2847.50, 2819.75, 2832.75, 1646906, 3311911, 0, 0
2018/2/2, 00:00:00, 2836.75, 2841.25, 2765.50, 2767.00, 2532442, 3297660, 0, 0
2018/2/5, 00:00:00, 2767.25, 2773.25, 2606.00, 2618.00, 4009557, 3323338, 0, 0
2018/2/6, 00:00:00, 2634.25, 2710.00, 2539.25, 2704.50, 4806868, 3294277, 0, 0
2018/2/7, 00:00:00, 2695.75, 2737.00, 2670.75, 2678.50, 2491133, 3264285, 0, 0
2018/2/8, 00:00:00, 2675.00, 2696.75, 2587.25, 2603.75, 3121915, 3320006, 0, 0
2018/2/9, 00:00:00, 2604.00, 2648.00, 2540.50, 2629.25, 3909443, 3315698, 0, 0
2018/2/12, 00:00:00, 2638.50, 2681.75, 2630.25, 2665.50, 2170447, 3217706, 0, 0
2018/2/13, 00:00:00, 2663.50, 2677.75, 2644.50, 2672.00, 1461104, 3191989, 0, 0
2018/2/14, 00:00:00, 2672.75, 2712.00, 2637.25, 2707.25, 2087016, 3165063, 0, 0
2018/2/15, 00:00:00, 2705.75, 2747.00, 2698.75, 2744.25, 1668909, 3177219, 0, 0
2018/2/16, 00:00:00, 2744.25, 2765.00, 2732.50, 2745.25, 1738551, 3172501, 0, 0
2018/2/20, 00:00:00, 2744.75, 2758.00, 2716.00, 2724.25, 1447502, 3176441, 0, 0
2018/2/21, 00:00:00, 2724.75, 2758.00, 2703.75, 2709.00, 1661308, 3162459, 0, 0
2018/2/22, 00:00:00, 2708.75, 2741.25, 2692.25, 2721.75, 1623017, 3156159, 0, 0
2018/2/23, 00:00:00, 2723.00, 2760.50, 2720.25, 2759.00, 1290261, 3168128, 0, 0
2018/2/26, 00:00:00, 2761.75, 2796.25, 2752.75, 2794.75, 1256268, 3169192, 0, 0
2018/2/27, 00:00:00, 2793.75, 2800.00, 2752.25, 2757.75, 1717155, 3165874, 0, 0
2018/2/28, 00:00:00, 2756.75, 2772.25, 2722.25, 2724.75, 1876678, 3117034, 0, 0
2018/3/1, 00:00:00, 2728.50, 2741.25, 2668.75, 2688.50, 2818966, 3135753, 0, 0
2018/3/2, 00:00:00, 2689.00, 2706.25, 2657.25, 2700.50, 2171819, 3143984, 0, 0
2018/3/5, 00:00:00, 2693.50, 2738.00, 2674.00, 2728.75, 1781823, 3109807, 0, 0
2018/3/6, 00:00:00, 2729.25, 2744.75, 2720.50, 2734.25, 1450085, 3079923, 0, 0
2018/3/7, 00:00:00, 2710.25, 2740.50, 2691.50, 2733.50, 1870360, 3002645, 0, 0
2018/3/8, 00:00:00, 2732.75, 2749.75, 2728.50, 2748.50, 653581, 652394, 0, 0
2018/3/9, 00:00:00, 2746.25, 2796.25, 2739.75, 2793.00, 1489394, 1166354, 0, 0
2018/3/12, 00:00:00, 2793.00, 2809.50, 2788.00, 2793.25, 1658456, 1857383, 0, 0
2018/3/13, 00:00:00, 2791.25, 2811.50, 2766.75, 2777.00, 2226645, 2385499, 0, 0
2018/3/14, 00:00:00, 2771.25, 2787.75, 2752.50, 2758.25, 1930552, 2609150, 0, 0
2018/3/15, 00:00:00, 2759.00, 2771.50, 2749.25, 2759.75, 1392307, 2665457, 0, 0
2018/3/16, 00:00:00, 2761.75, 2770.50, 2754.50, 2760.25, 1142517, 2681583, 0, 0
2018/3/19, 00:00:00, 2760.50, 2760.75, 2701.50, 2727.00, 1986809, 2698947, 0, 0
2018/3/20, 00:00:00, 2725.75, 2733.25, 2717.00, 2727.75, 1099899, 2706998, 0, 0
2018/3/21, 00:00:00, 2727.50, 2748.25, 2716.75, 2722.50, 1423759, 2722391, 0, 0
2018/3/22, 00:00:00, 2722.50, 2730.50, 2646.00, 2647.50, 2548609, 2779805, 0, 0
2018/3/23, 00:00:00, 2650.00, 2663.00, 2590.25, 2602.00, 2875654, 2849518, 0, 0
2018/3/26, 00:00:00, 2599.25, 2667.00, 2595.25, 2663.75, 2302375, 2889651, 0, 0
2018/3/27, 00:00:00, 2663.75, 2684.00, 2600.25, 2620.00, 2448450, 2884080, 0, 0
2018/3/28, 00:00:00, 2617.00, 2638.00, 2597.25, 2611.75, 2802883, 2918961, 0, 0
2018/3/29, 00:00:00, 2614.00, 2663.75, 2605.25, 2647.25, 2042949, 2887303, 0, 0
2018/4/2, 00:00:00, 2639.25, 2645.75, 2556.25, 2579.25, 2395329, 2933144, 0, 0
2018/4/3, 00:00:00, 2585.50, 2623.00, 2577.75, 2617.50, 2220246, 2942545, 0, 0
2018/4/4, 00:00:00, 2616.25, 2654.00, 2563.75, 2651.25, 2247386, 2937636, 0, 0
2018/4/5, 00:00:00, 2650.00, 2676.50, 2648.25, 2666.00, 1642890, 2914793, 0, 0
2018/4/6, 00:00:00, 2667.25, 2668.25, 2588.75, 2610.00, 2615117, 2900411, 0, 0
2018/4/9, 00:00:00, 2611.75, 2658.00, 2611.75, 2623.25, 1762078, 2923967, 0, 0
2018/4/10, 00:00:00, 2622.00, 2670.50, 2616.50, 2659.25, 1998582, 2907441, 0, 0
2018/4/11, 00:00:00, 2658.75, 2665.50, 2630.25, 2645.25, 1637350, 2860319, 0, 0
2018/4/12, 00:00:00, 2646.75, 2679.25, 2644.00, 2668.25, 1301132, 2860677, 0, 0
2018/4/13, 00:00:00, 2666.00, 2684.75, 2649.00, 2661.50, 1711823, 2875836, 0, 0
2018/4/16, 00:00:00, 2677.50, 2691.25, 2665.00, 2686.00, 1237183, 2868740, 0, 0
2018/4/17, 00:00:00, 2683.50, 2718.00, 2683.00, 2710.75, 1251766, 2880705, 0, 0
2018/4/18, 00:00:00, 2708.75, 2722.75, 2708.00, 2714.00, 1044851, 2876346, 0, 0
2018/4/19, 00:00:00, 2716.00, 2717.50, 2685.75, 2697.25, 1577913, 2890292, 0, 0
2018/4/20, 00:00:00, 2696.75, 2702.50, 2664.00, 2675.75, 1604973, 2897639, 0, 0
2018/4/23, 00:00:00, 2687.25, 2689.00, 2661.50, 2675.50, 1239828, 2885246, 0, 0
2018/4/24, 00:00:00, 2676.25, 2692.75, 2620.25, 2639.50, 2329880, 2905501, 0, 0
2018/4/25, 00:00:00, 2639.50, 2652.50, 2615.50, 2648.75, 1902899, 2905239, 0, 0
2018/4/26, 00:00:00, 2652.50, 2681.75, 2643.75, 2678.75, 1279539, 2865991, 0, 0
2018/4/27, 00:00:00, 2679.75, 2680.50, 2662.00, 2675.75, 1142350, 2853010, 0, 0
2018/4/30, 00:00:00, 2674.75, 2686.50, 2649.25, 2651.25, 1341086, 2859811, 0, 0
2018/5/1, 00:00:00, 2650.50, 2662.25, 2627.50, 2656.50, 1323628, 2860955, 0, 0
2018/5/2, 00:00:00, 2659.75, 2662.75, 2628.50, 2631.75, 1427995, 2857898, 0, 0
2018/5/3, 00:00:00, 2631.00, 2640.50, 2595.50, 2636.00, 2146587, 2859232, 0, 0
2018/5/4, 00:00:00, 2636.00, 2673.75, 2616.50, 2667.25, 1699202, 2852359, 0, 0
2018/5/7, 00:00:00, 2667.00, 2685.75, 2665.50, 2674.25, 1148919, 2834612, 0, 0
2018/5/8, 00:00:00, 2672.25, 2678.50, 2656.50, 2674.50, 1281751, 2842527, 0, 0
2018/5/9, 00:00:00, 2674.00, 2704.25, 2670.75, 2700.25, 1251722, 2852929, 0, 0
2018/5/10, 00:00:00, 2700.25, 2729.25, 2697.00, 2723.00, 1173629, 2867496, 0, 0
2018/5/11, 00:00:00, 2720.50, 2736.75, 2720.50, 2733.75, 1066248, 2887528, 0, 0
2018/5/14, 00:00:00, 2731.50, 2745.50, 2728.50, 2735.25, 945963, 2889450, 0, 0
2018/5/15, 00:00:00, 2732.75, 2735.50, 2704.75, 2713.25, 1519108, 2903781, 0, 0
2018/5/16, 00:00:00, 2715.50, 2732.25, 2708.75, 2727.25, 1057687, 2912515, 0, 0
2018/5/17, 00:00:00, 2726.00, 2736.25, 2715.25, 2723.00, 1071506, 2937683, 0, 0
2018/5/18, 00:00:00, 2723.00, 2731.25, 2713.00, 2717.25, 1013073, 2944226, 0, 0
2018/5/21, 00:00:00, 2733.00, 2743.50, 2728.50, 2737.25, 951913, 2952475, 0, 0
2018/5/22, 00:00:00, 2735.50, 2746.00, 2725.75, 2730.25, 891511, 2949209, 0, 0
2018/5/23, 00:00:00, 2728.75, 2737.25, 2708.75, 2735.00, 1295885, 2971689, 0, 0
2018/5/24, 00:00:00, 2734.00, 2737.50, 2710.00, 2731.75, 1277264, 2959394, 0, 0
2018/5/25, 00:00:00, 2731.00, 2742.00, 2718.00, 2722.50, 993783, 2972496, 0, 0
2018/5/29, 00:00:00, 2733.25, 2736.00, 2679.25, 2696.50, 1989677, 2994694, 0, 0
2018/5/30, 00:00:00, 2697.50, 2733.50, 2690.00, 2728.75, 1424364, 2988168, 0, 0
2018/5/31, 00:00:00, 2724.50, 2732.50, 2704.00, 2709.75, 1665452, 2986857, 0, 0
2018/6/1, 00:00:00, 2711.75, 2741.25, 2710.25, 2738.00, 1241171, 2971859, 0, 0
2018/6/4, 00:00:00, 2735.25, 2753.50, 2733.25, 2749.75, 857850, 2973815, 0, 0
2018/6/5, 00:00:00, 2750.25, 2757.50, 2743.25, 2755.75, 1027609, 2946533, 0, 0
2018/6/6, 00:00:00, 2755.25, 2779.00, 2752.25, 2776.50, 1326401, 2857383, 0, 0
2018/6/7, 00:00:00, 2777.50, 2783.50, 2763.75, 2776.00, 777094, 682262, 0, 0
2018/6/8, 00:00:00, 2775.25, 2783.25, 2755.75, 2782.50, 1260565, 0, 0, 0
