Date, Time, Open, High, Low, Last, Volume, NumberOfTrades, BidVolume, AskVolume
2015/9/21, 00:00:00, 1922.75, 1942.50, 1912.00, 1936.50, 1513503, 2862583, 0, 0
2015/9/22, 00:00:00, 1937.75, 1938.50, 1891.25, 1905.50, 1985152, 2876302, 0, 0
2015/9/23, 00:00:00, 1904.00, 1915.25, 1884.00, 1902.00, 1423965, 2872265, 0, 0
2015/9/24, 00:00:00, 1905.25, 1909.75, 1870.75, 1892.25, 2218286, 2864458, 0, 0
2015/9/25, 00:00:00, 1886.75, 1924.50, 1883.75, 1892.75, 2080724, 2818148, 0, 0
2015/9/28, 00:00:00, 1889.00, 1903.25, 1842.25, 1845.50, 2354063, 2885060, 0, 0
2015/9/29, 00:00:00, 1849.75, 1863.25, 1834.50, 1848.00, 2374651, 2896165, 0, 0
2015/9/30, 00:00:00, 1848.50, 1884.00, 1844.75, 1882.25, 2216643, 2867181, 0, 0
2015/10/1, 00:00:00, 1876.00, 1903.00, 1863.75, 1890.25, 2052465, 2866971, 0, 0
2015/10/2, 00:00:00, 1890.50, 1917.25, 1856.50, 1916.50, 2466082, 2898003, 0, 0
2015/10/5, 00:00:00, 1914.50, 1953.50, 1910.75, 1948.25, 1675519, 2895436, 0, 0
2015/10/6, 00:00:00, 1946.50, 1955.75, 1936.00, 1942.00, 1606289, 2894614, 0, 0
2015/10/7, 00:00:00, 1934.50, 1964.75, 1934.00, 1960.75, 1937061, 2884317, 0, 0
2015/10/8, 00:00:00, 1961.25, 1982.25, 1944.50, 1980.00, 1803978, 2917911, 0, 0
2015/10/9, 00:00:00, 1977.50, 1987.50, 1972.25, 1981.00, 1378359, 2905895, 0, 0
2015/10/12, 00:00:00, 1978.75, 1987.50, 1975.25, 1984.50, 804576, 2905112, 0, 0
2015/10/13, 00:00:00, 1985.50, 1988.25, 1964.75, 1967.50, 1518662, 2880221, 0, 0
2015/10/14, 00:00:00, 1965.00, 1975.25, 1956.00, 1957.50, 1780661, 2881542, 0, 0
2015/10/15, 00:00:00, 1959.25, 1993.00, 1958.50, 1992.50, 1731138, 2892169, 0, 0
2015/10/16, 00:00:00, 1991.75, 2000.00, 1985.75, 1999.00, 1362298, 2887889, 0, 0
2015/10/19, 00:00:00, 1998.00, 2001.50, 1987.75, 2001.00, 1306548, 2890340, 0, 0
2015/10/20, 00:00:00, 2000.00, 2005.00, 1992.00, 1994.00, 1276349, 2896843, 0, 0
2015/10/21, 00:00:00, 1993.25, 2007.75, 1981.00, 1982.00, 1791221, 2890408, 0, 0
2015/10/22, 00:00:00, 1984.00, 2029.50, 1982.00, 2026.50, 2099217, 2857210, 0, 0
2015/10/23, 00:00:00, 2027.75, 2048.00, 2026.75, 2039.50, 2067465, 2788563, 0, 0
2015/10/26, 00:00:00, 2039.50, 2041.50, 2031.00, 2035.75, 1184323, 2754513, 0, 0
2015/10/27, 00:00:00, 2037.25, 2038.25, 2024.75, 2034.00, 1243601, 2757750, 0, 0
2015/10/28, 00:00:00, 2035.50, 2058.75, 2029.00, 2058.00, 1888636, 0, 0, 0
2015/10/29, 00:00:00, 2054.50, 2060.00, 2046.75, 2056.50, 1407730, 2779503, 0, 0
2015/10/30, 00:00:00, 2058.25, 2068.25, 2043.25, 2047.25, 1751269, 2748794, 0, 0
2015/11/2, 00:00:00, 2046.50, 2073.50, 2037.75, 2069.00, 1284044, 2774901, 0, 0
2015/11/3, 00:00:00, 2066.75, 2083.75, 2062.50, 2076.50, 1348316, 2764810, 0, 0
2015/11/4, 00:00:00, 2076.00, 2083.25, 2064.00, 2068.25, 1546504, 2767546, 0, 0
2015/11/5, 00:00:00, 2069.00, 2078.25, 2057.50, 2067.50, 1538081, 2773738, 0, 0
2015/11/6, 00:00:00, 2068.25, 2072.50, 2051.00, 2067.25, 1846631, 2780419, 0, 0
2015/11/9, 00:00:00, 2065.50, 2071.25, 2035.50, 2046.50, 1856213, 2816439, 0, 0
2015/11/10, 00:00:00, 2045.75, 2052.50, 2038.00, 2051.50, 1286098, 2826631, 0, 0
2015/11/11, 00:00:00, 2050.00, 2060.75, 2041.25, 2042.50, 1171396, 2810012, 0, 0
2015/11/12, 00:00:00, 2042.00, 2051.00, 2013.00, 2014.00, 1807653, 2804669, 0, 0
2015/11/13, 00:00:00, 2014.00, 2019.50, 1985.00, 1992.00, 2128939, 2819215, 0, 0
2015/11/16, 00:00:00, 1980.00, 2024.50, 1972.00, 2021.50, 1711062, 2803541, 0, 0
2015/11/17, 00:00:00, 2022.50, 2037.00, 2015.00, 2022.50, 1621036, 2771239, 0, 0
2015/11/18, 00:00:00, 2023.25, 2056.00, 2016.50, 2053.25, 1543330, 2788869, 0, 0
2015/11/19, 00:00:00, 2051.75, 2062.75, 2048.75, 2052.75, 1284869, 2790570, 0, 0
2015/11/20, 00:00:00, 2051.75, 2068.00, 2049.50, 2062.25, 1273905, 2751554, 0, 0
2015/11/23, 00:00:00, 2063.25, 2066.50, 2051.75, 2057.75, 976103, 2759407, 0, 0
2015/11/24, 00:00:00, 2056.50, 2065.00, 2039.00, 2058.25, 1517871, 2756429, 0, 0
2015/11/25, 00:00:00, 2057.50, 2066.00, 2055.75, 2061.50, 746319, 2761335, 0, 0
2015/11/27, 00:00:00, 2063.50, 2071.75, 2055.00, 2063.50, 653387, 2763546, 0, 0
2015/11/30, 00:00:00, 2063.00, 2068.50, 2052.00, 2053.25, 1389020, 2764688, 0, 0
2015/12/1, 00:00:00, 2059.00, 2075.00, 2057.00, 2073.50, 1482186, 2759024, 0, 0
2015/12/2, 00:00:00, 2073.00, 2078.50, 2048.50, 2055.00, 1725833, 2741368, 0, 0
2015/12/3, 00:00:00, 2056.75, 2068.75, 2013.50, 2024.75, 2655148, 2748380, 0, 0
2015/12/4, 00:00:00, 2026.75, 2066.50, 2020.25, 2062.00, 2269530, 2668096, 0, 0
2015/12/7, 00:00:00, 2065.75, 2069.00, 2038.00, 2054.50, 1699318, 2642562, 0, 0
2015/12/8, 00:00:00, 2053.50, 2055.00, 2023.75, 2032.25, 2005017, 2624311, 0, 0
2015/12/9, 00:00:00, 2033.00, 2053.25, 2007.75, 2015.50, 2660114, 0, 0, 0
2015/12/10, 00:00:00, 2019.25, 2040.75, 2017.75, 2023.00, 783692, 787824, 0, 0
2015/12/11, 00:00:00, 2024.50, 2029.75, 1978.25, 1983.25, 2345329, 1264033, 0, 0
2015/12/14, 00:00:00, 1983.50, 2001.50, 1965.25, 1991.50, 2652781, 1775616, 0, 0
2015/12/15, 00:00:00, 1995.00, 2027.75, 1992.00, 2019.00, 2156216, 0, 0, 0
2015/12/16, 00:00:00, 2019.50, 2050.75, 2013.00, 2045.75, 2035482, 2448737, 0, 0
2015/12/17, 00:00:00, 2042.75, 2054.75, 2004.75, 2006.75, 2114912, 2525720, 0, 0
2015/12/18, 00:00:00, 2006.00, 2011.75, 1973.00, 1974.00, 2118900, 2570329, 0, 0
2015/12/21, 00:00:00, 1979.25, 2001.50, 1977.25, 1997.00, 1275266, 2561504, 0, 0
2015/12/22, 00:00:00, 1999.00, 2018.50, 1989.25, 2018.00, 1144898, 2542077, 0, 0
2015/12/23, 00:00:00, 2016.00, 2039.75, 2012.75, 2035.00, 1003982, 2512689, 0, 0
2015/12/24, 00:00:00, 2034.75, 2041.75, 2031.00, 2033.25, 325205, 2490347, 0, 0
2015/12/28, 00:00:00, 2033.25, 2036.50, 2017.25, 2030.75, 696448, 2490832, 0, 0
2015/12/29, 00:00:00, 2031.75, 2056.50, 2029.50, 2054.75, 832686, 2496174, 0, 0
2015/12/30, 00:00:00, 2054.00, 2057.00, 2035.50, 2036.50, 720601, 2486459, 0, 0
2015/12/31, 00:00:00, 2037.25, 2039.75, 2012.25, 2017.50, 1029390, 2492297, 0, 0
2016/1/4, 00:00:00, 2019.75, 2025.50, 1962.25, 1991.00, 2216549, 2569569, 0, 0
2016/1/5, 00:00:00, 1991.00, 1999.00, 1974.25, 1993.75, 1688974, 2562248, 0, 0
2016/1/6, 00:00:00, 1992.75, 1995.25, 1952.50, 1968.00, 2237518, 2579137, 0, 0
2016/1/7, 00:00:00, 1969.75, 1973.00, 1910.50, 1915.00, 2969295, 2610790, 0, 0
2016/1/8, 00:00:00, 1918.50, 1946.75, 1892.00, 1893.50, 2694404, 2679953, 0, 0
2016/1/11, 00:00:00, 1891.25, 1911.00, 1874.50, 1896.25, 2490336, 2718509, 0, 0
2016/1/12, 00:00:00, 1895.50, 1922.25, 1881.00, 1907.00, 2428110, 2728789, 0, 0
2016/1/13, 00:00:00, 1904.50, 1928.50, 1860.00, 1863.50, 2899958, 2767647, 0, 0
2016/1/14, 00:00:00, 1865.75, 1909.50, 1853.00, 1896.50, 3045826, 2774821, 0, 0
2016/1/15, 00:00:00, 1895.50, 1901.75, 1831.25, 1857.00, 3441956, 2848559, 0, 0
2016/1/19, 00:00:00, 1851.75, 1889.50, 1838.25, 1855.00, 2796679, 2841234, 0, 0
2016/1/20, 00:00:00, 1853.75, 1860.50, 1786.25, 1837.00, 3929776, 2867832, 0, 0
2016/1/21, 00:00:00, 1836.75, 1865.25, 1818.25, 1843.00, 2729407, 2850850, 0, 0
2016/1/22, 00:00:00, 1840.50, 1884.25, 1837.75, 1881.25, 2106526, 2841461, 0, 0
2016/1/25, 00:00:00, 1881.50, 1886.25, 1837.75, 1852.25, 1640401, 2862213, 0, 0
2016/1/26, 00:00:00, 1853.75, 1881.75, 1833.25, 1878.00, 1780235, 2870149, 0, 0
2016/1/27, 00:00:00, 1867.25, 1892.00, 1846.50, 1857.00, 2113363, 2897826, 0, 0
2016/1/28, 00:00:00, 1862.00, 1884.50, 1847.75, 1862.75, 2254109, 2872487, 0, 0
2016/1/29, 00:00:00, 1860.75, 1915.00, 1858.50, 1912.00, 2406399, 2878549, 0, 0
2016/2/1, 00:00:00, 1911.75, 1922.00, 1894.50, 1913.25, 1748062, 2888962, 0, 0
2016/2/2, 00:00:00, 1910.50, 1911.25, 1871.00, 1879.50, 2102411, 2941058, 0, 0
2016/2/3, 00:00:00, 1877.00, 1894.25, 1847.00, 1890.50, 2841210, 0, 0, 0
2016/2/4, 00:00:00, 1889.75, 1904.25, 1872.25, 1889.75, 2255360, 2940610, 0, 0
2016/2/5, 00:00:00, 1887.25, 1896.50, 1847.75, 1857.25, 2320680, 2998346, 0, 0
2016/2/8, 00:00:00, 1858.25, 1866.50, 1803.75, 1834.00, 2674512, 3020294, 0, 0
2016/2/9, 00:00:00, 1831.75, 1845.75, 1807.75, 1830.25, 2792208, 3002017, 0, 0
2016/2/10, 00:00:00, 1832.00, 1859.75, 1820.50, 1828.75, 2359881, 3001438, 0, 0
2016/2/11, 00:00:00, 1824.25, 1829.25, 1784.50, 1806.50, 3203999, 3021157, 0, 0
2016/2/12, 00:00:00, 1809.25, 1842.75, 1804.50, 1840.25, 2018154, 2994392, 0, 0
2016/2/16, 00:00:00, 1847.25, 1874.75, 1847.00, 1870.75, 2034059, 3003822, 0, 0
2016/2/17, 00:00:00, 1870.25, 1910.00, 1863.50, 1904.75, 1854185, 2983644, 0, 0
2016/2/18, 00:00:00, 1908.75, 1915.50, 1893.25, 1898.50, 1615605, 2975816, 0, 0
2016/2/19, 00:00:00, 1899.50, 1904.75, 1880.50, 1896.50, 1616647, 2974705, 0, 0
2016/2/22, 00:00:00, 1893.00, 1925.75, 1890.25, 1918.25, 1425321, 2985993, 0, 0
2016/2/23, 00:00:00, 1916.00, 1920.00, 1895.75, 1898.00, 1600879, 2986569, 0, 0
2016/2/24, 00:00:00, 1896.00, 1915.75, 1868.75, 1912.25, 2315370, 3001982, 0, 0
2016/2/25, 00:00:00, 1915.00, 1933.50, 1902.25, 1932.50, 1844284, 3023219, 0, 0
2016/2/26, 00:00:00, 1931.00, 1950.75, 1923.25, 1924.75, 1876651, 3014453, 0, 0
2016/2/29, 00:00:00, 1925.00, 1938.25, 1908.50, 1911.50, 1826411, 3014983, 0, 0
2016/3/1, 00:00:00, 1910.00, 1960.50, 1902.75, 1960.00, 2035550, 3008297, 0, 0
2016/3/2, 00:00:00, 1958.25, 1966.75, 1948.25, 1965.50, 1821662, 3008594, 0, 0
2016/3/3, 00:00:00, 1963.75, 1974.50, 1956.75, 1972.50, 1555391, 3018684, 0, 0
2016/3/4, 00:00:00, 1973.00, 1989.50, 1966.00, 1977.00, 2247812, 3012243, 0, 0
2016/3/7, 00:00:00, 1976.50, 1986.50, 1966.50, 1981.00, 1633347, 3005808, 0, 0
2016/3/8, 00:00:00, 1981.00, 1982.25, 1958.00, 1963.00, 1931272, 2931226, 0, 0
2016/3/9, 00:00:00, 1963.75, 1976.00, 1960.00, 1971.00, 1744984, 2746033, 0, 0
2016/3/10, 00:00:00, 1972.00, 1992.00, 1949.00, 1970.50, 1048138, 875859, 0, 0
2016/3/11, 00:00:00, 1970.75, 2003.75, 1969.00, 2001.50, 1828591, 1329369, 0, 0
2016/3/14, 00:00:00, 2000.50, 2006.00, 1993.00, 2000.25, 1651775, 1761358, 0, 0
2016/3/15, 00:00:00, 2000.25, 2001.00, 1986.00, 1997.50, 1910850, 2333364, 0, 0
2016/3/16, 00:00:00, 1997.75, 2013.75, 1988.00, 2008.25, 2043775, 2630307, 0, 0
2016/3/17, 00:00:00, 2008.00, 2027.75, 1996.75, 2021.25, 2136877, 2781180, 0, 0
2016/3/18, 00:00:00, 2022.25, 2033.75, 2018.00, 2028.50, 1775664, 2810412, 0, 0
2016/3/21, 00:00:00, 2027.50, 2035.50, 2022.00, 2033.75, 1278261, 2804277, 0, 0
2016/3/22, 00:00:00, 2034.25, 2038.50, 2019.75, 2033.50, 1496196, 2811527, 0, 0
2016/3/23, 00:00:00, 2034.00, 2036.25, 2016.25, 2019.75, 1557185, 2811251, 0, 0
2016/3/24, 00:00:00, 2019.00, 2021.25, 2003.25, 2019.50, 1524072, 2802444, 0, 0
2016/3/28, 00:00:00, 2021.25, 2030.75, 2013.00, 2019.00, 907834, 2808249, 0, 0
2016/3/29, 00:00:00, 2018.75, 2040.25, 2010.25, 2038.50, 1549483, 2839325, 0, 0
2016/3/30, 00:00:00, 2039.50, 2055.50, 2037.75, 2046.25, 1627085, 2857423, 0, 0
2016/3/31, 00:00:00, 2046.50, 2050.75, 2038.25, 2042.50, 1736311, 2840616, 0, 0
2016/4/1, 00:00:00, 2043.75, 2058.00, 2026.25, 2056.00, 2051323, 2868902, 0, 0
2016/4/4, 00:00:00, 2055.00, 2062.50, 2045.25, 2048.50, 1380117, 2854772, 0, 0
2016/4/5, 00:00:00, 2046.50, 2046.50, 2025.25, 2029.75, 1827488, 2855118, 0, 0
2016/4/6, 00:00:00, 2033.00, 2051.50, 2026.00, 2051.25, 1894599, 2853456, 0, 0
2016/4/7, 00:00:00, 2050.75, 2053.00, 2017.00, 2026.00, 2052195, 2866053, 0, 0
2016/4/8, 00:00:00, 2025.50, 2045.25, 2021.25, 2031.75, 1768420, 2847223, 0, 0
2016/4/11, 00:00:00, 2032.00, 2047.50, 2023.50, 2025.50, 1679757, 2856177, 0, 0
2016/4/12, 00:00:00, 2023.50, 2049.50, 2020.25, 2046.75, 1831285, 2841320, 0, 0
2016/4/13, 00:00:00, 2046.25, 2068.00, 2045.00, 2067.00, 1637033, 2848286, 0, 0
2016/4/14, 00:00:00, 2067.25, 2072.75, 2059.50, 2067.50, 1363745, 2845632, 0, 0
2016/4/15, 00:00:00, 2068.75, 2071.00, 2060.50, 2066.00, 1230494, 2824244, 0, 0
2016/4/18, 00:00:00, 2055.25, 2079.75, 2049.50, 2077.75, 1400343, 2852963, 0, 0
2016/4/19, 00:00:00, 2076.25, 2089.50, 2075.75, 2084.75, 1565161, 2851161, 0, 0
2016/4/20, 00:00:00, 2085.25, 2096.25, 2076.75, 2089.00, 1464683, 2857101, 0, 0
2016/4/21, 00:00:00, 2088.75, 2095.00, 2069.75, 2073.75, 1638276, 2826367, 0, 0
2016/4/22, 00:00:00, 2070.75, 2080.00, 2066.00, 2077.00, 1497994, 2844218, 0, 0
2016/4/25, 00:00:00, 2082.50, 2082.50, 2062.00, 2074.25, 1280888, 2847329, 0, 0
2016/4/26, 00:00:00, 2075.25, 2082.25, 2070.50, 2079.50, 1225834, 2842322, 0, 0
2016/4/27, 00:00:00, 2073.25, 2085.00, 2067.25, 2081.75, 1420203, 2837325, 0, 0
2016/4/28, 00:00:00, 2083.50, 2085.25, 2056.25, 2063.50, 1938653, 2820781, 0, 0
2016/4/29, 00:00:00, 2064.75, 2067.00, 2036.75, 2050.00, 2419757, 2773168, 0, 0
2016/5/2, 00:00:00, 2051.75, 2068.50, 2046.50, 2065.25, 1306173, 2775854, 0, 0
2016/5/3, 00:00:00, 2066.50, 2067.25, 2039.00, 2048.00, 1827577, 2776044, 0, 0
2016/5/4, 00:00:00, 2048.50, 2051.25, 2030.00, 2038.00, 1557981, 2793137, 0, 0
2016/5/5, 00:00:00, 2037.50, 2051.00, 2030.50, 2035.00, 1433289, 2793851, 0, 0
2016/5/6, 00:00:00, 2034.50, 2045.50, 2021.50, 2043.75, 1813432, 2784714, 0, 0
2016/5/9, 00:00:00, 2044.00, 2050.75, 2039.25, 2045.25, 1370423, 2786287, 0, 0
2016/5/10, 00:00:00, 2045.00, 2070.75, 2039.00, 2068.50, 1416966, 2818389, 0, 0
2016/5/11, 00:00:00, 2068.25, 2069.75, 2048.50, 2049.00, 1471852, 2791285, 0, 0
2016/5/12, 00:00:00, 2050.00, 2063.75, 2039.50, 2049.75, 1799103, 2788453, 0, 0
2016/5/13, 00:00:00, 2050.25, 2054.50, 2029.50, 2034.50, 1878403, 2795106, 0, 0
2016/5/16, 00:00:00, 2032.25, 2059.50, 2026.00, 2053.75, 1421736, 2807176, 0, 0
2016/5/17, 00:00:00, 2053.00, 2060.50, 2027.75, 2034.50, 1988181, 2803597, 0, 0
2016/5/18, 00:00:00, 2034.75, 2048.75, 2021.75, 2032.50, 2085972, 2825083, 0, 0
2016/5/19, 00:00:00, 2034.50, 2035.75, 2013.00, 2029.75, 2055973, 2849694, 0, 0
2016/5/20, 00:00:00, 2029.75, 2046.50, 2028.25, 2041.00, 1583721, 2883517, 0, 0
2016/5/23, 00:00:00, 2044.25, 2047.00, 2034.50, 2036.25, 1183296, 2890979, 0, 0
2016/5/24, 00:00:00, 2036.00, 2068.25, 2032.25, 2066.00, 1603195, 2921127, 0, 0
2016/5/25, 00:00:00, 2066.00, 2083.50, 2064.50, 2078.25, 1442270, 2921940, 0, 0
2016/5/26, 00:00:00, 2079.75, 2082.75, 2073.50, 2080.75, 968439, 2915095, 0, 0
2016/5/27, 00:00:00, 2081.50, 2089.75, 2079.00, 2088.25, 1035175, 2923990, 0, 0
2016/5/31, 00:00:00, 2091.00, 2094.75, 2077.00, 2086.00, 1631254, 2920359, 0, 0
2016/6/1, 00:00:00, 2085.00, 2090.25, 2074.25, 2089.00, 1317565, 2929830, 0, 0
2016/6/2, 00:00:00, 2087.75, 2095.75, 2077.75, 2094.75, 1299962, 2962011, 0, 0
2016/6/3, 00:00:00, 2094.50, 2097.00, 2073.75, 2088.75, 1746160, 2982125, 0, 0
2016/6/6, 00:00:00, 2088.50, 2103.25, 2085.00, 2099.25, 1272974, 2969778, 0, 0
2016/6/7, 00:00:00, 2099.25, 2109.00, 2097.50, 2101.25, 1125951, 2946364, 0, 0
2016/6/8, 00:00:00, 2101.25, 2110.75, 2097.50, 2109.00, 1308451, 2850221, 0, 0
2016/6/9, 00:00:00, 2108.75, 2109.75, 2097.50, 2105.50, 785978, 776981, 0, 0
2016/6/10, 00:00:00, 2104.75, 2105.00, 2079.75, 2087.50, 1799239, 1213016, 0, 0
2016/6/13, 00:00:00, 2081.25, 2089.50, 2066.75, 2070.00, 2515271, 1865658, 0, 0
2016/6/14, 00:00:00, 2067.50, 2073.00, 2055.00, 2066.25, 2770212, 2419029, 0, 0
2016/6/15, 00:00:00, 2064.75, 2079.75, 2060.00, 2063.75, 1917677, 2680115, 0, 0
2016/6/16, 00:00:00, 2062.75, 2071.75, 2041.00, 2070.75, 2446637, 2759833, 0, 0
2016/6/17, 00:00:00, 2069.00, 2075.00, 2053.50, 2059.25, 1833560, 2774441, 0, 0
2016/6/20, 00:00:00, 2071.25, 2092.75, 2070.50, 2074.50, 1598465, 2781532, 0, 0
2016/6/21, 00:00:00, 2079.25, 2086.25, 2074.25, 2080.75, 1400709, 2769327, 0, 0
2016/6/22, 00:00:00, 2079.50, 2091.50, 2075.50, 2077.00, 1419838, 2779028, 0, 0
2016/6/23, 00:00:00, 2083.25, 2113.50, 2083.25, 2106.00, 1314510, 2767191, 0, 0
2016/6/24, 00:00:00, 2116.00, 2119.75, 1999.25, 2018.75, 4174598, 2936291, 0, 0
2016/6/27, 00:00:00, 2014.00, 2022.75, 1981.75, 1985.25, 3021015, 2971282, 0, 0
2016/6/28, 00:00:00, 1982.75, 2030.00, 1982.50, 2028.75, 2285755, 2938555, 0, 0
2016/6/29, 00:00:00, 2028.50, 2075.00, 2023.00, 2067.00, 2065151, 3014342, 0, 0
2016/6/30, 00:00:00, 2072.50, 2091.50, 2056.75, 2090.50, 2301226, 2999878, 0, 0
2016/7/1, 00:00:00, 2086.75, 2101.00, 2081.75, 2096.50, 1665376, 2964059, 0, 0
2016/7/5, 00:00:00, 2100.00, 2105.00, 2072.75, 2083.00, 1862935, 2990285, 0, 0
2016/7/6, 00:00:00, 2084.25, 2094.75, 2066.00, 2094.25, 2054794, 2991181, 0, 0
2016/7/7, 00:00:00, 2092.25, 2102.25, 2082.00, 2092.25, 1666356, 2972636, 0, 0
2016/7/8, 00:00:00, 2092.25, 2125.75, 2087.75, 2120.75, 1962358, 2990354, 0, 0
2016/7/11, 00:00:00, 2120.50, 2137.00, 2120.25, 2130.50, 1467322, 2989265, 0, 0
2016/7/12, 00:00:00, 2131.00, 2149.50, 2128.75, 2146.00, 1704053, 2954643, 0, 0
2016/7/13, 00:00:00, 2146.00, 2152.50, 2139.75, 2146.25, 1633489, 2971143, 0, 0
2016/7/14, 00:00:00, 2145.50, 2168.25, 2143.00, 2157.50, 1782561, 2972196, 0, 0
2016/7/15, 00:00:00, 2156.75, 2165.00, 2143.50, 2153.00, 1518276, 2929258, 0, 0
2016/7/18, 00:00:00, 2154.75, 2163.50, 2153.00, 2160.25, 1205765, 2948315, 0, 0
2016/7/19, 00:00:00, 2160.25, 2161.00, 2151.50, 2159.00, 1151631, 2949823, 0, 0
2016/7/20, 00:00:00, 2159.25, 2170.00, 2155.50, 2167.75, 1134131, 2941964, 0, 0
2016/7/21, 00:00:00, 2168.50, 2170.50, 2153.75, 2158.25, 1300678, 2924164, 0, 0
2016/7/22, 00:00:00, 2159.25, 2169.50, 2156.25, 2167.75, 1133059, 2948052, 0, 0
2016/7/25, 00:00:00, 2168.00, 2172.75, 2156.00, 2162.50, 1264905, 2933070, 0, 0
2016/7/26, 00:00:00, 2163.00, 2168.25, 2154.00, 2163.50, 1609035, 2934771, 0, 0
2016/7/27, 00:00:00, 2166.25, 2169.50, 2152.25, 2160.75, 1642569, 2924284, 0, 0
2016/7/28, 00:00:00, 2163.00, 2168.75, 2153.75, 2165.00, 1622142, 2925225, 0, 0
2016/7/29, 00:00:00, 2165.75, 2172.00, 2157.75, 2168.50, 1718155, 2881534, 0, 0
2016/8/1, 00:00:00, 2174.25, 2178.00, 2160.00, 2164.75, 1659094, 2894206, 0, 0
2016/8/2, 00:00:00, 2166.25, 2171.25, 2141.75, 2153.00, 1958950, 2902982, 0, 0
2016/8/3, 00:00:00, 2152.50, 2158.50, 2145.50, 2157.25, 1371176, 2900807, 0, 0
2016/8/4, 00:00:00, 2157.00, 2164.50, 2154.25, 2159.50, 1239577, 2885181, 0, 0
2016/8/5, 00:00:00, 2159.75, 2178.75, 2159.50, 2177.00, 1370482, 2882132, 0, 0
2016/8/8, 00:00:00, 2176.25, 2183.25, 2173.50, 2175.75, 970557, 2855905, 0, 0
2016/8/9, 00:00:00, 2176.25, 2183.75, 2174.00, 2177.75, 1191826, 2877471, 0, 0
2016/8/10, 00:00:00, 2178.25, 2181.75, 2168.00, 2173.00, 1371937, 2892125, 0, 0
2016/8/11, 00:00:00, 2172.75, 2185.50, 2170.25, 2182.00, 1326004, 2894148, 0, 0
2016/8/12, 00:00:00, 2182.00, 2184.25, 2175.75, 2180.50, 1270055, 2893992, 0, 0
2016/8/15, 00:00:00, 2181.00, 2191.00, 2180.75, 2186.25, 1090675, 2918800, 0, 0
2016/8/16, 00:00:00, 2186.25, 2186.50, 2175.50, 2177.00, 1391768, 2892388, 0, 0
2016/8/17, 00:00:00, 2177.75, 2182.25, 2165.75, 2180.00, 1702425, 2895653, 0, 0
2016/8/18, 00:00:00, 2181.00, 2184.75, 2176.50, 2183.75, 1201115, 2910049, 0, 0
2016/8/19, 00:00:00, 2183.75, 2184.50, 2172.75, 2182.00, 1431860, 2911683, 0, 0
2016/8/22, 00:00:00, 2182.00, 2184.75, 2173.75, 2181.75, 1543249, 2920136, 0, 0
2016/8/23, 00:00:00, 2181.00, 2191.75, 2179.50, 2185.50, 1125503, 2940595, 0, 0
2016/8/24, 00:00:00, 2186.00, 2188.00, 2169.00, 2175.25, 1508048, 2941003, 0, 0
2016/8/25, 00:00:00, 2175.25, 2177.50, 2167.75, 2173.75, 1501328, 2938857, 0, 0
2016/8/26, 00:00:00, 2174.25, 2187.00, 2157.75, 2168.75, 2535682, 2944282, 0, 0
2016/8/29, 00:00:00, 2168.00, 2182.50, 2164.75, 2179.50, 1245215, 2971033, 0, 0
2016/8/30, 00:00:00, 2180.25, 2181.75, 2168.75, 2175.50, 1372345, 2947680, 0, 0
2016/8/31, 00:00:00, 2176.00, 2176.50, 2159.75, 2169.75, 1864629, 2969745, 0, 0
2016/9/1, 00:00:00, 2169.25, 2177.50, 2155.00, 2167.50, 1943431, 2968916, 0, 0
2016/9/2, 00:00:00, 2166.50, 2184.00, 2164.50, 2178.25, 1700143, 2959084, 0, 0
2016/9/6, 00:00:00, 2179.50, 2186.50, 2173.25, 2184.75, 1627643, 2937524, 0, 0
2016/9/7, 00:00:00, 2185.50, 2187.00, 2177.75, 2184.75, 1459543, 2897892, 0, 0
2016/9/8, 00:00:00, 2184.75, 2189.50, 2176.00, 2177.75, 866144, 826592, 0, 0
2016/9/9, 00:00:00, 2177.00, 2178.50, 2120.00, 2122.75, 2818480, 1446823, 0, 0
2016/9/12, 00:00:00, 2122.00, 2162.75, 2107.00, 2158.75, 3327280, 1985223, 0, 0
2016/9/13, 00:00:00, 2157.25, 2157.50, 2119.00, 2129.00, 3724471, 2442135, 0, 0
2016/9/14, 00:00:00, 2131.75, 2141.25, 2118.75, 2120.00, 2546136, 2691473, 0, 0
2016/9/15, 00:00:00, 2121.75, 2151.25, 2114.50, 2144.75, 2301296, 2818070, 0, 0
2016/9/16, 00:00:00, 2143.25, 2143.75, 2129.75, 2139.25, 2064530, 2860255, 0, 0
2016/9/19, 00:00:00, 2139.00, 2153.50, 2134.50, 2139.75, 1527880, 2886280, 0, 0
2016/9/20, 00:00:00, 2140.50, 2150.25, 2135.75, 2137.75, 1385876, 2895223, 0, 0
2016/9/21, 00:00:00, 2136.75, 2164.25, 2133.00, 2163.00, 1826950, 2907266, 0, 0
2016/9/22, 00:00:00, 2163.00, 2179.50, 2159.50, 2175.00, 1523998, 2912107, 0, 0
2016/9/23, 00:00:00, 2175.00, 2176.25, 2162.75, 2164.75, 1448300, 2905516, 0, 0
2016/9/26, 00:00:00, 2163.00, 2166.25, 2143.50, 2146.50, 1602771, 2885941, 0, 0
2016/9/27, 00:00:00, 2146.00, 2160.75, 2139.50, 2159.50, 1659780, 2880648, 0, 0
2016/9/28, 00:00:00, 2158.75, 2172.00, 2150.75, 2170.00, 1733016, 2895144, 0, 0
2016/9/29, 00:00:00, 2169.00, 2173.75, 2144.00, 2155.25, 2306654, 2894929, 0, 0
2016/9/30, 00:00:00, 2152.50, 2175.00, 2142.50, 2167.25, 1989690, 2898001, 0, 0
2016/10/3, 00:00:00, 2165.50, 2170.75, 2153.50, 2160.00, 1406125, 2878657, 0, 0
2016/10/4, 00:00:00, 2160.50, 2166.50, 2142.75, 2151.50, 2143439, 2912290, 0, 0
2016/10/5, 00:00:00, 2151.00, 2164.75, 2147.75, 2160.00, 1369566, 2921730, 0, 0
2016/10/6, 00:00:00, 2160.00, 2164.00, 2150.00, 2163.25, 1209239, 2920563, 0, 0
2016/10/7, 00:00:00, 2162.00, 2168.25, 2144.75, 2153.25, 1958026, 2913295, 0, 0
2016/10/10, 00:00:00, 2158.75, 2170.25, 2155.25, 2165.75, 952867, 2942901, 0, 0
2016/10/11, 00:00:00, 2166.25, 2167.50, 2128.50, 2141.25, 2243746, 2927494, 0, 0
2016/10/12, 00:00:00, 2139.75, 2147.50, 2133.00, 2138.25, 1483026, 2929169, 0, 0
2016/10/13, 00:00:00, 2134.50, 2139.00, 2114.50, 2133.00, 2195134, 2928712, 0, 0
2016/10/14, 00:00:00, 2133.00, 2150.00, 2129.00, 2133.75, 1841156, 2920332, 0, 0
2016/10/17, 00:00:00, 2133.00, 2136.75, 2123.50, 2129.75, 1251946, 2925829, 0, 0
2016/10/18, 00:00:00, 2129.25, 2146.50, 2127.00, 2138.75, 1139317, 2928096, 0, 0
2016/10/19, 00:00:00, 2138.25, 2149.25, 2133.25, 2144.75, 948475, 2944305, 0, 0
2016/10/20, 00:00:00, 2144.25, 2151.25, 2133.50, 2143.75, 1611098, 2944425, 0, 0
2016/10/21, 00:00:00, 2142.75, 2145.25, 2130.00, 2141.50, 1409837, 2968897, 0, 0
2016/10/24, 00:00:00, 2143.75, 2155.75, 2141.50, 2151.00, 1010790, 2984151, 0, 0
2016/10/25, 00:00:00, 2151.50, 2156.50, 2142.00, 2144.75, 1198210, 2979531, 0, 0
2016/10/26, 00:00:00, 2142.00, 2146.75, 2131.50, 2140.75, 1548442, 2976108, 0, 0
2016/10/27, 00:00:00, 2140.50, 2150.50, 2129.25, 2130.25, 1795356, 2985869, 0, 0
2016/10/28, 00:00:00, 2134.00, 2142.00, 2119.25, 2130.50, 2391182, 2969629, 0, 0
2016/10/31, 00:00:00, 2126.75, 2137.25, 2121.50, 2126.75, 1371713, 2977889, 0, 0
2016/11/1, 00:00:00, 2130.25, 2136.25, 2097.75, 2110.50, 2257062, 2959958, 0, 0
2016/11/2, 00:00:00, 2109.00, 2113.25, 2094.00, 2099.00, 2013595, 2930594, 0, 0
2016/11/3, 00:00:00, 2095.00, 2105.50, 2086.50, 2090.25, 1795490, 2951457, 0, 0
2016/11/4, 00:00:00, 2090.75, 2101.00, 2085.50, 2086.75, 2079129, 2916104, 0, 0
2016/11/7, 00:00:00, 2112.75, 2137.50, 2109.50, 2135.75, 1761750, 2903060, 0, 0
2016/11/8, 00:00:00, 2135.75, 2150.00, 2125.75, 2142.25, 1751369, 2896379, 0, 0
2016/11/9, 00:00:00, 2144.75, 2173.50, 2035.25, 2167.00, 5280237, 2934892, 0, 0
2016/11/10, 00:00:00, 2166.25, 2187.25, 2154.50, 2174.00, 3132340, 2927509, 0, 0
2016/11/11, 00:00:00, 2171.75, 2177.25, 2155.25, 2168.25, 1883989, 2862982, 0, 0
2016/11/14, 00:00:00, 2171.25, 2181.25, 2159.00, 2167.25, 1815339, 2858070, 0, 0
2016/11/15, 00:00:00, 2167.75, 2186.50, 2165.25, 2186.00, 1443589, 2867069, 0, 0
2016/11/16, 00:00:00, 2185.75, 2191.75, 2175.50, 2179.50, 1327887, 2892791, 0, 0
2016/11/17, 00:00:00, 2179.25, 2192.25, 2178.50, 2191.00, 1350348, 2918293, 0, 0
2016/11/18, 00:00:00, 2190.75, 2194.25, 2183.25, 2187.50, 1280719, 2932291, 0, 0
2016/11/21, 00:00:00, 2186.25, 2203.25, 2185.25, 2199.75, 1233201, 2972343, 0, 0
2016/11/22, 00:00:00, 2200.00, 2209.75, 2198.50, 2207.00, 1257560, 2975324, 0, 0
2016/11/23, 00:00:00, 2208.00, 2210.25, 2198.75, 2207.50, 1101994, 2980896, 0, 0
2016/11/25, 00:00:00, 2207.75, 2218.50, 2204.25, 2218.00, 561560, 2997249, 0, 0
2016/11/28, 00:00:00, 2214.75, 2216.25, 2205.00, 2207.50, 1371374, 2989883, 0, 0
2016/11/29, 00:00:00, 2207.00, 2216.25, 2203.00, 2210.50, 1405556, 3000528, 0, 0
2016/11/30, 00:00:00, 2210.00, 2220.50, 2204.00, 2205.50, 1960189, 2970185, 0, 0
2016/12/1, 00:00:00, 2206.25, 2209.75, 2192.75, 2198.75, 2148721, 2958961, 0, 0
2016/12/2, 00:00:00, 2197.25, 2204.00, 2191.00, 2198.75, 1682042, 2925447, 0, 0
2016/12/5, 00:00:00, 2190.75, 2215.50, 2185.75, 2211.00, 1663731, 2923523, 0, 0
2016/12/6, 00:00:00, 2211.75, 2218.75, 2207.00, 2216.75, 1483946, 2883375, 0, 0
2016/12/7, 00:00:00, 2218.00, 2248.00, 2213.50, 2243.50, 2328449, 2747403, 0, 0
2016/12/8, 00:00:00, 2243.25, 2258.00, 2239.75, 2254.50, 803345, 686875, 0, 0
2016/12/9, 00:00:00, 2253.50, 2267.75, 2251.75, 2266.75, 1609142, 1154579, 0, 0
2016/12/12, 00:00:00, 2267.25, 2276.75, 2258.75, 2262.50, 1973091, 1706174, 0, 0
2016/12/13, 00:00:00, 2262.25, 2285.00, 2259.75, 2279.75, 2325023, 2245145, 0, 0
2016/12/14, 00:00:00, 2280.00, 2284.50, 2255.00, 2264.00, 2267763, 2592645, 0, 0
2016/12/15, 00:00:00, 2263.75, 2279.75, 2259.25, 2270.50, 1976782, 2678369, 0, 0
2016/12/16, 00:00:00, 2271.50, 2276.00, 2261.50, 2267.25, 1415262, 2726523, 0, 0
2016/12/19, 00:00:00, 2268.00, 2275.75, 2266.00, 2272.00, 928690, 2732597, 0, 0
2016/12/20, 00:00:00, 2272.25, 2281.50, 2272.00, 2278.50, 814005, 2748679, 0, 0
2016/12/21, 00:00:00, 2279.25, 2280.00, 2270.00, 2272.50, 667705, 2735177, 0, 0
2016/12/22, 00:00:00, 2270.25, 2273.00, 2263.50, 2270.75, 847626, 2756335, 0, 0
2016/12/23, 00:00:00, 2269.50, 2273.00, 2266.25, 2272.00, 396535, 2755246, 0, 0
2016/12/27, 00:00:00, 2270.75, 2281.50, 2269.75, 2273.00, 498741, 2744092, 0, 0
2016/12/28, 00:00:00, 2273.25, 2279.50, 2255.50, 2257.25, 1000606, 2758174, 0, 0
2016/12/29, 00:00:00, 2257.50, 2262.00, 2251.50, 2257.00, 913220, 2752438, 0, 0
2016/12/30, 00:00:00, 2258.25, 2264.75, 2240.00, 2248.25, 1281987, 2787056, 0, 0
2017/1/3, 00:00:00, 2252.75, 2271.50, 2251.50, 2264.50, 1810351, 2799661, 0, 0
2017/1/4, 00:00:00, 2264.75, 2279.25, 2263.00, 2276.25, 1404875, 2804829, 0, 0
2017/1/5, 00:00:00, 2276.50, 2278.00, 2266.00, 2276.25, 1324035, 2807328, 0, 0
2017/1/6, 00:00:00, 2276.25, 2289.00, 2270.25, 2283.50, 1551007, 2815455, 0, 0
2017/1/9, 00:00:00, 2283.25, 2287.25, 2275.50, 2277.00, 1025182, 2814013, 0, 0
2017/1/10, 00:00:00, 2276.50, 2286.00, 2271.50, 2275.75, 1304523, 2813855, 0, 0
2017/1/11, 00:00:00, 2275.75, 2283.75, 2267.00, 2282.50, 1733727, 2812470, 0, 0
2017/1/12, 00:00:00, 2282.50, 2282.50, 2260.50, 2275.50, 1752976, 2793398, 0, 0
2017/1/13, 00:00:00, 2276.50, 2285.50, 2274.75, 2284.50, 1192660, 2803386, 0, 0
2017/1/17, 00:00:00, 2282.25, 2282.50, 2269.25, 2274.75, 1540220, 2791366, 0, 0
2017/1/18, 00:00:00, 2274.00, 2280.50, 2270.25, 2278.50, 1111992, 2790421, 0, 0
2017/1/19, 00:00:00, 2277.50, 2281.50, 2265.00, 2273.50, 1386240, 2813697, 0, 0
2017/1/20, 00:00:00, 2273.00, 2284.75, 2271.75, 2278.00, 1737181, 2793940, 0, 0
2017/1/23, 00:00:00, 2278.00, 2279.50, 2263.75, 2274.00, 1474482, 2821419, 0, 0
2017/1/24, 00:00:00, 2272.75, 2292.50, 2271.50, 2286.50, 1273116, 2847811, 0, 0
2017/1/25, 00:00:00, 2287.75, 2307.25, 2286.75, 2306.00, 1386477, 2855527, 0, 0
2017/1/26, 00:00:00, 2305.75, 2311.50, 2301.50, 2306.00, 1170427, 2835457, 0, 0
2017/1/27, 00:00:00, 2306.00, 2308.75, 2299.00, 2301.00, 942076, 2819735, 0, 0
2017/1/30, 00:00:00, 2294.00, 2297.75, 2275.25, 2288.00, 1850992, 2805447, 0, 0
2017/1/31, 00:00:00, 2287.75, 2290.25, 2274.25, 2286.50, 1628810, 2807756, 0, 0
2017/2/1, 00:00:00, 2289.00, 2297.00, 2280.25, 2286.50, 1565006, 2829202, 0, 0
2017/2/2, 00:00:00, 2287.00, 2291.75, 2276.50, 2287.50, 1414426, 2817455, 0, 0
2017/2/3, 00:00:00, 2286.00, 2306.00, 2282.50, 2303.00, 1415043, 2831500, 0, 0
2017/2/6, 00:00:00, 2305.00, 2306.25, 2295.50, 2298.50, 1164914, 2840033, 0, 0
2017/2/7, 00:00:00, 2298.25, 2307.00, 2296.00, 2300.50, 1202059, 2855102, 0, 0
2017/2/8, 00:00:00, 2297.75, 2304.00, 2293.00, 2302.25, 1283261, 2882114, 0, 0
2017/2/9, 00:00:00, 2302.50, 2319.75, 2299.75, 2316.25, 1354847, 2888499, 0, 0
2017/2/10, 00:00:00, 2316.25, 2327.75, 2315.00, 2324.75, 1177521, 2903005, 0, 0
2017/2/13, 00:00:00, 2326.25, 2341.00, 2325.25, 2338.25, 1210205, 2938992, 0, 0
2017/2/14, 00:00:00, 2338.50, 2349.75, 2331.75, 2349.00, 1390309, 2959085, 0, 0
2017/2/15, 00:00:00, 2347.50, 2363.50, 2343.25, 2362.50, 1532340, 2985535, 0, 0
2017/2/16, 00:00:00, 2362.25, 2362.75, 2348.75, 2357.50, 1737007, 2986733, 0, 0
2017/2/17, 00:00:00, 2357.00, 2360.75, 2348.50, 2360.00, 1399520, 2959348, 0, 0
2017/2/21, 00:00:00, 2358.50, 2377.00, 2358.00, 2372.00, 1653551, 2968353, 0, 0
2017/2/22, 00:00:00, 2372.00, 2375.75, 2367.25, 2373.00, 1301504, 2968035, 0, 0
2017/2/23, 00:00:00, 2374.00, 2379.50, 2365.00, 2374.75, 1556359, 2980360, 0, 0
2017/2/24, 00:00:00, 2373.50, 2377.75, 2361.50, 2377.00, 1551959, 2993230, 0, 0
2017/2/27, 00:00:00, 2374.75, 2382.75, 2373.00, 2380.25, 1156575, 3011470, 0, 0
2017/2/28, 00:00:00, 2377.75, 2380.75, 2369.50, 2374.75, 1610710, 2997859, 0, 0
2017/3/1, 00:00:00, 2376.50, 2413.00, 2375.25, 2405.50, 2171551, 3017456, 0, 0
2017/3/2, 00:00:00, 2404.25, 2406.25, 2390.00, 2394.00, 1744834, 3006952, 0, 0
2017/3/3, 00:00:00, 2391.75, 2395.25, 2385.75, 2393.25, 1357594, 3023373, 0, 0
2017/3/6, 00:00:00, 2392.25, 2392.75, 2379.00, 2387.50, 1376883, 3013897, 0, 0
2017/3/7, 00:00:00, 2383.25, 2387.50, 2376.50, 2378.50, 1303962, 2984987, 0, 0
2017/3/8, 00:00:00, 2377.75, 2385.00, 2371.50, 2376.00, 1651698, 2858334, 0, 0
2017/3/9, 00:00:00, 2375.75, 2381.75, 2366.50, 2378.75, 816870, 810266, 0, 0
2017/3/10, 00:00:00, 2380.00, 2391.75, 2374.50, 2384.00, 1865954, 1360269, 0, 0
2017/3/13, 00:00:00, 2383.25, 2387.50, 2380.25, 2387.25, 1612837, 2009462, 0, 0
2017/3/14, 00:00:00, 2386.25, 2387.00, 2370.25, 2378.50, 2014740, 2510965, 0, 0
2017/3/15, 00:00:00, 2379.00, 2403.25, 2378.50, 2396.00, 1775343, 2751526, 0, 0
2017/3/16, 00:00:00, 2394.75, 2404.25, 2389.00, 2394.50, 1616078, 2805086, 0, 0
2017/3/17, 00:00:00, 2394.75, 2397.75, 2388.25, 2390.75, 1277357, 2826536, 0, 0
2017/3/20, 00:00:00, 2389.25, 2391.50, 2381.00, 2385.75, 1076099, 2840769, 0, 0
2017/3/21, 00:00:00, 2384.50, 2394.25, 2353.50, 2357.75, 2567939, 2863550, 0, 0
2017/3/22, 00:00:00, 2356.00, 2364.25, 2347.75, 2358.00, 1883451, 2857290, 0, 0
2017/3/23, 00:00:00, 2357.75, 2371.50, 2353.75, 2355.50, 1631527, 2868912, 0, 0
2017/3/24, 00:00:00, 2356.50, 2368.25, 2347.25, 2360.25, 1600274, 2875174, 0, 0
2017/3/27, 00:00:00, 2352.50, 2357.00, 2333.25, 2354.00, 1614233, 2887081, 0, 0
2017/3/28, 00:00:00, 2356.00, 2376.00, 2349.00, 2367.00, 1623900, 2879278, 0, 0
2017/3/29, 00:00:00, 2368.50, 2375.25, 2364.25, 2372.50, 1154538, 2859571, 0, 0
2017/3/30, 00:00:00, 2372.50, 2382.25, 2368.75, 2380.00, 1164616, 2840998, 0, 0
2017/3/31, 00:00:00, 2381.00, 2382.25, 2372.25, 2374.75, 1568884, 2827140, 0, 0
2017/4/3, 00:00:00, 2373.00, 2378.75, 2355.50, 2371.50, 1716027, 2833401, 0, 0
2017/4/4, 00:00:00, 2369.75, 2374.25, 2360.25, 2372.00, 1209054, 2845954, 0, 0
2017/4/5, 00:00:00, 2374.25, 2390.50, 2359.25, 2362.00, 1938825, 2842290, 0, 0
2017/4/6, 00:00:00, 2361.00, 2376.75, 2353.50, 2369.25, 1595949, 2849681, 0, 0
2017/4/7, 00:00:00, 2370.75, 2376.25, 2352.25, 2367.75, 1473460, 2860278, 0, 0
2017/4/10, 00:00:00, 2367.25, 2378.75, 2363.00, 2368.00, 1351301, 2853258, 0, 0
2017/4/11, 00:00:00, 2369.75, 2371.25, 2348.75, 2366.50, 1856700, 2874990, 0, 0
2017/4/12, 00:00:00, 2367.25, 2372.00, 2353.00, 2356.25, 1534596, 2864722, 0, 0
2017/4/13, 00:00:00, 2354.25, 2360.50, 2339.50, 2343.00, 1587079, 2891636, 0, 0
2017/4/17, 00:00:00, 2339.50, 2361.50, 2338.25, 2360.50, 981675, 2917728, 0, 0
2017/4/18, 00:00:00, 2360.50, 2362.50, 2345.75, 2352.75, 1432200, 2902156, 0, 0
2017/4/19, 00:00:00, 2353.25, 2364.75, 2346.75, 2349.25, 1254296, 2916069, 0, 0
2017/4/20, 00:00:00, 2348.75, 2373.75, 2348.00, 2367.50, 1468523, 2931794, 0, 0
2017/4/21, 00:00:00, 2368.25, 2371.50, 2356.00, 2363.00, 1277783, 2913388, 0, 0
2017/4/24, 00:00:00, 2381.25, 2392.25, 2380.75, 2385.50, 1553985, 2930783, 0, 0
2017/4/25, 00:00:00, 2385.50, 2404.75, 2383.75, 2400.50, 1324272, 2935704, 0, 0
2017/4/26, 00:00:00, 2398.50, 2410.25, 2397.00, 2397.75, 1493096, 2938058, 0, 0
2017/4/27, 00:00:00, 2397.00, 2404.25, 2394.25, 2401.50, 1115269, 2923644, 0, 0
2017/4/28, 00:00:00, 2401.75, 2404.25, 2393.75, 2396.00, 1167297, 2912638, 0, 0
2017/5/1, 00:00:00, 2397.00, 2406.25, 2392.50, 2402.50, 906278, 2921914, 0, 0
2017/5/2, 00:00:00, 2401.75, 2404.25, 2397.25, 2401.25, 958983, 2934188, 0, 0
2017/5/3, 00:00:00, 2399.50, 2401.50, 2391.00, 2398.75, 1076558, 2956726, 0, 0
2017/5/4, 00:00:00, 2397.50, 2406.25, 2391.50, 2401.00, 1229736, 2968492, 0, 0
2017/5/5, 00:00:00, 2401.50, 2414.75, 2394.50, 2413.25, 1127621, 2962496, 0, 0
2017/5/8, 00:00:00, 2418.00, 2419.25, 2405.25, 2410.50, 957161, 2993818, 0, 0
2017/5/9, 00:00:00, 2410.00, 2415.50, 2404.25, 2408.75, 1105436, 3005154, 0, 0
2017/5/10, 00:00:00, 2407.25, 2412.50, 2403.00, 2410.75, 998859, 3021048, 0, 0
2017/5/11, 00:00:00, 2410.50, 2410.75, 2394.50, 2406.50, 1356242, 3028521, 0, 0
2017/5/12, 00:00:00, 2405.75, 2407.00, 2399.75, 2404.25, 1087422, 3042372, 0, 0
2017/5/15, 00:00:00, 2404.25, 2417.75, 2403.50, 2414.00, 1041264, 3014458, 0, 0
2017/5/16, 00:00:00, 2415.25, 2420.00, 2409.25, 2412.50, 1071111, 3022590, 0, 0
2017/5/17, 00:00:00, 2412.00, 2412.25, 2370.25, 2373.00, 2814349, 3043738, 0, 0
2017/5/18, 00:00:00, 2370.50, 2390.50, 2360.00, 2379.00, 2460956, 3013981, 0, 0
2017/5/19, 00:00:00, 2379.50, 2403.50, 2376.50, 2397.00, 1672971, 3053781, 0, 0
2017/5/22, 00:00:00, 2397.25, 2409.75, 2393.75, 2408.25, 1113022, 3021298, 0, 0
2017/5/23, 00:00:00, 2409.00, 2415.00, 2402.25, 2413.50, 1024986, 3016724, 0, 0
2017/5/24, 00:00:00, 2412.50, 2419.50, 2410.25, 2417.50, 984358, 3023636, 0, 0
2017/5/25, 00:00:00, 2418.50, 2433.25, 2418.00, 2429.00, 1315611, 3036957, 0, 0
2017/5/26, 00:00:00, 2428.50, 2431.25, 2423.50, 2429.25, 879560, 3021277, 0, 0
2017/5/30, 00:00:00, 2429.50, 2432.50, 2423.25, 2426.25, 1040285, 3016889, 0, 0
2017/5/31, 00:00:00, 2426.00, 2432.25, 2418.25, 2426.50, 1729723, 3009433, 0, 0
2017/6/1, 00:00:00, 2429.25, 2446.00, 2426.00, 2445.00, 1432385, 2994911, 0, 0
2017/6/2, 00:00:00, 2444.75, 2455.25, 2442.50, 2453.25, 1735800, 3012651, 0, 0
2017/6/5, 00:00:00, 2450.75, 2454.50, 2448.50, 2450.00, 891938, 2987026, 0, 0
2017/6/6, 00:00:00, 2449.75, 2451.25, 2441.75, 2446.25, 1353806, 2951006, 0, 0
2017/6/7, 00:00:00, 2445.00, 2450.50, 2439.50, 2447.50, 1431930, 2833510, 0, 0
2017/6/8, 00:00:00, 2447.00, 2453.50, 2441.75, 2447.00, 637421, 643602, 0, 0
2017/6/9, 00:00:00, 2442.00, 2460.25, 2429.25, 2445.00, 2096199, 1173137, 0, 0
2017/6/12, 00:00:00, 2444.75, 2445.50, 2433.50, 2443.25, 2175655, 1854267, 0, 0
2017/6/13, 00:00:00, 2443.25, 2456.00, 2442.00, 2454.75, 1923275, 2433721, 0, 0
2017/6/14, 00:00:00, 2455.00, 2460.00, 2442.50, 2452.00, 1818280, 2689253, 0, 0
2017/6/15, 00:00:00, 2450.50, 2451.25, 2433.00, 2448.75, 1874682, 2814642, 0, 0
2017/6/16, 00:00:00, 2448.00, 2453.50, 2437.00, 2447.75, 1336684, 2844602, 0, 0
2017/6/19, 00:00:00, 2450.25, 2468.25, 2449.50, 2464.25, 1223334, 2840491, 0, 0
2017/6/20, 00:00:00, 2464.50, 2467.75, 2450.75, 2454.25, 1332027, 2807910, 0, 0
2017/6/21, 00:00:00, 2452.50, 2456.75, 2444.75, 2450.25, 1374762, 2811556, 0, 0
2017/6/22, 00:00:00, 2448.50, 2455.75, 2444.75, 2448.50, 1056822, 2820925, 0, 0
2017/6/23, 00:00:00, 2448.00, 2455.50, 2445.00, 2451.75, 1197448, 2833023, 0, 0
2017/6/26, 00:00:00, 2448.75, 2464.25, 2446.75, 2452.75, 1265812, 2836678, 0, 0
2017/6/27, 00:00:00, 2452.50, 2454.00, 2433.25, 2437.25, 1639883, 2858564, 0, 0
2017/6/28, 00:00:00, 2433.75, 2459.25, 2430.50, 2455.25, 1560424, 2839741, 0, 0
2017/6/29, 00:00:00, 2458.75, 2461.75, 2419.00, 2436.75, 2337789, 2839900, 0, 0
2017/6/30, 00:00:00, 2437.50, 2446.50, 2431.75, 2437.75, 1638217, 2839439, 0, 0
2017/7/3, 00:00:00, 2438.75, 2453.25, 2438.25, 2441.75, 766228, 2829039, 0, 0
2017/7/5, 00:00:00, 2440.50, 2449.00, 2436.00, 2444.75, 1287423, 2829632, 0, 0
2017/7/6, 00:00:00, 2444.75, 2447.25, 2422.00, 2425.25, 1603746, 2824775, 0, 0
2017/7/7, 00:00:00, 2426.00, 2441.75, 2424.25, 2439.25, 1266391, 2820247, 0, 0
2017/7/10, 00:00:00, 2439.75, 2446.75, 2436.00, 2441.25, 861222, 2822091, 0, 0
2017/7/11, 00:00:00, 2440.50, 2444.50, 2427.00, 2441.25, 1132273, 2817389, 0, 0
2017/7/12, 00:00:00, 2441.75, 2460.50, 2439.25, 2456.75, 1163339, 2851150, 0, 0
2017/7/13, 00:00:00, 2458.00, 2463.75, 2455.75, 2462.25, 941061, 2854397, 0, 0
2017/7/14, 00:00:00, 2463.25, 2478.00, 2458.75, 2472.75, 1091078, 2865849, 0, 0
2017/7/17, 00:00:00, 2473.75, 2477.25, 2470.75, 2475.25, 862469, 2866491, 0, 0
2017/7/18, 00:00:00, 2476.00, 2477.75, 2464.75, 2474.50, 1091158, 2885191, 0, 0
2017/7/19, 00:00:00, 2476.50, 2488.75, 2474.50, 2488.25, 958463, 2909049, 0, 0
2017/7/20, 00:00:00, 2487.75, 2493.00, 2482.25, 2488.00, 1106684, 2936167, 0, 0
2017/7/21, 00:00:00, 2489.25, 2492.00, 2479.50, 2486.25, 1095937, 2953775, 0, 0
2017/7/24, 00:00:00, 2486.50, 2487.25, 2480.25, 2485.25, 857750, 2964274, 0, 0
2017/7/25, 00:00:00, 2483.75, 2495.50, 2483.00, 2490.75, 1074033, 2962640, 0, 0
2017/7/26, 00:00:00, 2492.00, 2496.50, 2488.25, 2490.00, 972444, 2948345, 0, 0
2017/7/27, 00:00:00, 2491.25, 2497.25, 2473.75, 2488.75, 1647577, 2970960, 0, 0
2017/7/28, 00:00:00, 2488.75, 2488.75, 2478.25, 2487.00, 1156784, 2984105, 0, 0
2017/7/31, 00:00:00, 2487.25, 2491.75, 2482.00, 2484.75, 1229202, 2994555, 0, 0
2017/8/1, 00:00:00, 2484.75, 2494.00, 2483.00, 2489.00, 1043439, 3021662, 0, 0
2017/8/2, 00:00:00, 2490.75, 2492.75, 2480.00, 2490.25, 1304650, 3020172, 0, 0
2017/8/3, 00:00:00, 2490.00, 2491.25, 2482.75, 2488.50, 1087355, 3044605, 0, 0
2017/8/4, 00:00:00, 2487.50, 2494.50, 2484.50, 2488.75, 1070866, 3043959, 0, 0
2017/8/7, 00:00:00, 2489.00, 2495.00, 2488.75, 2494.25, 599701, 3053147, 0, 0
2017/8/8, 00:00:00, 2494.25, 2505.25, 2484.25, 2489.50, 1367671, 3064631, 0, 0
2017/8/9, 00:00:00, 2486.75, 2491.25, 2475.75, 2489.75, 1555517, 3086189, 0, 0
2017/8/10, 00:00:00, 2490.75, 2491.00, 2449.50, 2454.25, 2324062, 3103935, 0, 0
2017/8/11, 00:00:00, 2451.25, 2463.25, 2447.00, 2456.75, 1670104, 3090248, 0, 0
2017/8/14, 00:00:00, 2458.25, 2483.25, 2458.25, 2480.25, 1470477, 3114038, 0, 0
2017/8/15, 00:00:00, 2481.25, 2490.00, 2476.75, 2480.50, 1060173, 3095077, 0, 0
2017/8/16, 00:00:00, 2481.25, 2490.75, 2478.25, 2484.25, 1137333, 3112624, 0, 0
2017/8/17, 00:00:00, 2483.50, 2485.25, 2440.50, 2446.25, 2236170, 3125361, 0, 0
2017/8/18, 00:00:00, 2443.50, 2456.25, 2436.25, 2443.50, 2203303, 3127030, 0, 0
2017/8/21, 00:00:00, 2445.50, 2448.25, 2432.50, 2444.75, 1339966, 3139301, 0, 0
2017/8/22, 00:00:00, 2444.75, 2471.00, 2444.25, 2469.50, 1367156, 3137149, 0, 0
2017/8/23, 00:00:00, 2469.75, 2471.50, 2455.50, 2458.25, 1243382, 3145019, 0, 0
2017/8/24, 00:00:00, 2457.00, 2465.75, 2451.25, 2457.50, 1407417, 3150958, 0, 0
2017/8/25, 00:00:00, 2459.25, 2470.25, 2454.25, 2459.25, 1211227, 3175692, 0, 0
2017/8/28, 00:00:00, 2458.75, 2466.00, 2453.00, 2460.50, 953054, 3165053, 0, 0
2017/8/29, 00:00:00, 2450.75, 2465.25, 2437.75, 2463.75, 1615262, 3176774, 0, 0
2017/8/30, 00:00:00, 2463.25, 2476.50, 2459.50, 2472.50, 1301444, 3193564, 0, 0
2017/8/31, 00:00:00, 2472.00, 2491.00, 2471.50, 2486.75, 1752826, 3208773, 0, 0
2017/9/1, 00:00:00, 2487.00, 2496.50, 2486.75, 2491.00, 1057024, 3189967, 0, 0
2017/9/5, 00:00:00, 2478.00, 2488.00, 2462.25, 2476.50, 2123649, 3120167, 0, 0
2017/9/6, 00:00:00, 2477.00, 2485.75, 2473.25, 2482.25, 1553109, 0, 0, 0
2017/9/7, 00:00:00, 2480.75, 2485.50, 2474.25, 2483.25, 699851, 719665, 0, 0
2017/9/8, 00:00:00, 2483.25, 2484.25, 2473.75, 2479.50, 1465772, 1244827, 0, 0
2017/9/11, 00:00:00, 2486.25, 2505.75, 2485.25, 2504.25, 1893177, 1942428, 0, 0
2017/9/12, 00:00:00, 2505.00, 2513.50, 2503.75, 2512.75, 1739059, 2617586, 0, 0
2017/9/13, 00:00:00, 2513.75, 2514.00, 2507.50, 2513.25, 1426452, 2954281, 0, 0
2017/9/14, 00:00:00, 2513.00, 2514.75, 2506.00, 2512.75, 1372582, 3059813, 0, 0
2017/9/15, 00:00:00, 2512.25, 2518.50, 2505.50, 2515.75, 1367390, 3088031, 0, 0
2017/9/18, 00:00:00, 2517.50, 2524.50, 2516.25, 2521.25, 1090827, 3107021, 0, 0
2017/9/19, 00:00:00, 2521.25, 2524.50, 2519.50, 2523.25, 961109, 3077878, 0, 0
2017/9/20, 00:00:00, 2522.25, 2525.75, 2512.50, 2523.75, 1232948, 3084444, 0, 0
2017/9/21, 00:00:00, 2523.00, 2524.75, 2515.00, 2519.50, 1117630, 3073085, 0, 0
2017/9/22, 00:00:00, 2519.25, 2519.50, 2510.50, 2518.00, 1024727, 3048657, 0, 0
2017/9/25, 00:00:00, 2517.50, 2523.00, 2503.50, 2515.50, 1539626, 3052713, 0, 0
2017/9/26, 00:00:00, 2516.50, 2519.75, 2510.75, 2514.00, 1144642, 3045716, 0, 0
2017/9/27, 00:00:00, 2513.50, 2527.75, 2511.50, 2523.00, 1576031, 3029435, 0, 0
2017/9/28, 00:00:00, 2521.75, 2526.75, 2517.50, 2526.25, 1109027, 2998518, 0, 0
2017/9/29, 00:00:00, 2526.25, 2536.25, 2523.25, 2534.50, 1368322, 2965796, 0, 0
2017/10/2, 00:00:00, 2536.50, 2546.50, 2535.50, 2544.75, 1138362, 2989180, 0, 0
2017/10/3, 00:00:00, 2545.75, 2552.00, 2544.00, 2551.25, 849153, 2991691, 0, 0
2017/10/4, 00:00:00, 2551.50, 2556.50, 2547.50, 2554.75, 956590, 3019627, 0, 0
2017/10/5, 00:00:00, 2553.75, 2569.25, 2553.00, 2568.50, 1104438, 3059096, 0, 0
2017/10/6, 00:00:00, 2567.25, 2568.25, 2560.00, 2563.50, 1169419, 3050587, 0, 0
2017/10/9, 00:00:00, 2561.75, 2569.00, 2557.75, 2562.25, 735488, 3053792, 0, 0
2017/10/10, 00:00:00, 2561.75, 2571.75, 2561.25, 2567.00, 1149236, 3043930, 0, 0
2017/10/11, 00:00:00, 2567.25, 2572.00, 2562.75, 2571.50, 818238, 3043432, 0, 0
2017/10/12, 00:00:00, 2570.75, 2571.75, 2564.75, 2568.00, 938476, 3051483, 0, 0
2017/10/13, 00:00:00, 2566.50, 2574.00, 2565.50, 2571.25, 918541, 3043181, 0, 0
2017/10/16, 00:00:00, 2570.75, 2576.25, 2569.25, 2574.75, 795923, 3046741, 0, 0
2017/10/17, 00:00:00, 2574.00, 2576.25, 2570.75, 2575.50, 738739, 3049820, 0, 0
2017/10/18, 00:00:00, 2575.00, 2580.75, 2574.75, 2578.50, 753384, 3066930, 0, 0
2017/10/19, 00:00:00, 2578.50, 2580.00, 2561.00, 2579.00, 1362805, 3075982, 0, 0
2017/10/20, 00:00:00, 2579.50, 2593.00, 2578.00, 2592.50, 1254054, 3086207, 0, 0
2017/10/23, 00:00:00, 2591.25, 2595.75, 2580.00, 2582.00, 1272965, 3099071, 0, 0
2017/10/24, 00:00:00, 2581.00, 2588.75, 2580.75, 2585.75, 1047808, 3110298, 0, 0
2017/10/25, 00:00:00, 2583.25, 2584.75, 2560.00, 2577.00, 2099172, 3089530, 0, 0
2017/10/26, 00:00:00, 2578.00, 2583.50, 2574.00, 2580.00, 1392205, 3113436, 0, 0
2017/10/27, 00:00:00, 2580.00, 2599.25, 2576.00, 2597.00, 1561074, 3135063, 0, 0
2017/10/30, 00:00:00, 2594.00, 2596.75, 2584.00, 2586.75, 1237600, 3124388, 0, 0
2017/10/31, 00:00:00, 2586.50, 2594.00, 2585.25, 2591.25, 1051279, 3115078, 0, 0
2017/11/1, 00:00:00, 2591.25, 2604.00, 2589.50, 2593.25, 1290220, 3131769, 0, 0
2017/11/2, 00:00:00, 2590.00, 2597.00, 2580.75, 2595.25, 1297222, 3135768, 0, 0
2017/11/3, 00:00:00, 2596.00, 2604.00, 2592.00, 2601.25, 992681, 3163563, 0, 0
2017/11/6, 00:00:00, 2598.50, 2608.50, 2594.00, 2607.25, 848119, 3158316, 0, 0
2017/11/7, 00:00:00, 2606.25, 2612.00, 2599.25, 2605.25, 1163840, 3167322, 0, 0
2017/11/8, 00:00:00, 2602.50, 2611.00, 2598.25, 2609.50, 1058023, 3156032, 0, 0
2017/11/9, 00:00:00, 2609.75, 2613.00, 2581.75, 2602.50, 2218191, 3155416, 0, 0
2017/11/10, 00:00:00, 2600.50, 2604.25, 2590.00, 2598.00, 1193217, 3179045, 0, 0
2017/11/13, 00:00:00, 2598.75, 2604.00, 2588.75, 2600.50, 1052173, 3175524, 0, 0
2017/11/14, 00:00:00, 2598.75, 2600.75, 2582.75, 2596.50, 1582882, 3176001, 0, 0
2017/11/15, 00:00:00, 2595.25, 2595.50, 2574.00, 2583.50, 1917948, 3180712, 0, 0
2017/11/16, 00:00:00, 2582.75, 2608.00, 2580.75, 2603.50, 1528865, 3219914, 0, 0
2017/11/17, 00:00:00, 2602.75, 2604.50, 2593.25, 2594.75, 1186958, 3205145, 0, 0
2017/11/20, 00:00:00, 2594.50, 2602.50, 2586.25, 2600.50, 1000520, 3195685, 0, 0
2017/11/21, 00:00:00, 2600.50, 2619.00, 2597.75, 2614.75, 1153787, 3213608, 0, 0
2017/11/22, 00:00:00, 2614.25, 2618.50, 2611.25, 2613.00, 770812, 3196045, 0, 0
2017/11/24, 00:00:00, 2611.75, 2621.50, 2608.00, 2619.50, 551196, 3204044, 0, 0
2017/11/27, 00:00:00, 2619.50, 2624.00, 2615.00, 2620.25, 960112, 3200150, 0, 0
2017/11/28, 00:00:00, 2620.75, 2645.50, 2616.00, 2644.50, 1558414, 3236041, 0, 0
2017/11/29, 00:00:00, 2644.00, 2652.75, 2638.25, 2643.50, 1661775, 3239614, 0, 0
2017/11/30, 00:00:00, 2643.50, 2677.00, 2640.25, 2666.50, 2346236, 3275991, 0, 0
2017/12/1, 00:00:00, 2659.25, 2669.25, 2623.50, 2662.50, 2520826, 3231700, 0, 0
2017/12/4, 00:00:00, 2673.00, 2683.75, 2652.25, 2656.75, 1756938, 3230754, 0, 0
2017/12/5, 00:00:00, 2654.50, 2667.25, 2645.75, 2646.75, 1392821, 3137281, 0, 0
2017/12/6, 00:00:00, 2645.25, 2653.00, 2638.50, 2647.75, 1307666, 3018724, 0, 0
2017/12/7, 00:00:00, 2649.00, 2659.50, 2644.75, 2658.00, 645300, 861700, 0, 0
2017/12/8, 00:00:00, 2658.00, 2671.00, 2656.00, 2669.75, 1327053, 1392934, 0, 0
2017/12/11, 00:00:00, 2670.75, 2683.50, 2668.00, 2680.25, 1633120, 2071077, 0, 0
2017/12/12, 00:00:00, 2681.75, 2688.75, 2679.00, 2683.50, 1659061, 2527944, 0, 0
2017/12/13, 00:00:00, 2683.50, 2691.25, 2675.00, 2684.75, 1565803, 2844874, 0, 0
2017/12/14, 00:00:00, 2684.25, 2689.25, 2667.50, 2671.75, 1467120, 2940089, 0, 0
2017/12/15, 00:00:00, 2668.50, 2699.00, 2668.25, 2697.75, 1410847, 2928463, 0, 0
2017/12/18, 00:00:00, 2698.75, 2713.75, 2698.25, 2710.25, 1040769, 2967731, 0, 0
2017/12/19, 00:00:00, 2710.75, 2713.75, 2698.25, 2699.75, 980483, 2969224, 0, 0
2017/12/20, 00:00:00, 2700.50, 2711.25, 2694.75, 2697.25, 981223, 2999594, 0, 0
2017/12/21, 00:00:00, 2697.25, 2711.75, 2696.50, 2703.50, 853748, 3007612, 0, 0
2017/12/22, 00:00:00, 2702.50, 2707.25, 2698.00, 2701.75, 654510, 3035200, 0, 0
2017/12/26, 00:00:00, 2702.50, 2705.25, 2699.25, 2702.75, 376101, 3038366, 0, 0
2017/12/27, 00:00:00, 2703.25, 2706.75, 2697.25, 2701.25, 666329, 3023788, 0, 0
2017/12/28, 00:00:00, 2699.75, 2704.75, 2698.75, 2701.50, 535624, 3013748, 0, 0
2017/12/29, 00:00:00, 2700.50, 2714.00, 2683.50, 2691.75, 1092038, 2989056, 0, 0
2018/1/2, 00:00:00, 2691.00, 2711.75, 2690.25, 2708.75, 996265, 3017744, 0, 0
2018/1/3, 00:00:00, 2709.50, 2730.00, 2708.00, 2726.75, 1114548, 3064592, 0, 0
2018/1/4, 00:00:00, 2726.00, 2744.75, 2724.25, 2739.50, 1166017, 3107934, 0, 0
2018/1/5, 00:00:00, 2740.75, 2759.00, 2739.50, 2758.25, 1136500, 3144990, 0, 0
2018/1/8, 00:00:00, 2757.50, 2764.25, 2752.25, 2762.50, 903544, 3168055, 0, 0
2018/1/9, 00:00:00, 2762.25, 2775.75, 2758.50, 2768.00, 1137598, 3190900, 0, 0
2018/1/10, 00:00:00, 2765.50, 2767.75, 2752.25, 2766.25, 1289898, 3203452, 0, 0
2018/1/11, 00:00:00, 2765.75, 2786.25, 2763.50, 2785.25, 1045414, 3198069, 0, 0
2018/1/12, 00:00:00, 2784.50, 2805.75, 2782.50, 2804.50, 1357120, 3210339, 0, 0
2018/1/16, 00:00:00, 2805.50, 2824.25, 2785.00, 2798.25, 1981469, 3246225, 0, 0
2018/1/17, 00:00:00, 2798.50, 2825.25, 2794.75, 2819.50, 1541873, 3250369, 0, 0
2018/1/18, 00:00:00, 2819.00, 2823.75, 2809.50, 2812.00, 1345331, 3273650, 0, 0
2018/1/19, 00:00:00, 2812.75, 2830.75, 2807.50, 2826.75, 1363990, 3303322, 0, 0
2018/1/22, 00:00:00, 2819.75, 2854.00, 2817.75, 2851.00, 1179414, 3312310, 0, 0
2018/1/23, 00:00:00, 2851.00, 2860.50, 2844.50, 2855.25, 1282163, 3318612, 0, 0
2018/1/24, 00:00:00, 2852.75, 2871.00, 2841.25, 2856.75, 1885278, 3349443, 0, 0
2018/1/25, 00:00:00, 2855.75, 2869.50, 2846.50, 2857.00, 1439217, 3337061, 0, 0
2018/1/26, 00:00:00, 2858.00, 2891.75, 2857.00, 2890.25, 1286287, 3331783, 0, 0
2018/1/29, 00:00:00, 2890.00, 2894.25, 2867.25, 2869.25, 1395078, 3295318, 0, 0
2018/1/30, 00:00:00, 2869.00, 2873.75, 2834.25, 2840.25, 2133815, 3278038, 0, 0
2018/1/31, 00:00:00, 2839.00, 2855.50, 2828.75, 2841.50, 1841227, 3295548, 0, 0
2018/2/1, 00:00:00, 2844.50, 2853.00, 2825.25, 2838.25, 1646906, 3311911, 0, 0
2018/2/2, 00:00:00, 2842.25, 2846.75, 2771.00, 2772.50, 2532442, 3297660, 0, 0
2018/2/5, 00:00:00, 2772.75, 2778.75, 2611.50, 2623.50, 4009557, 3323338, 0, 0
2018/2/6, 00:00:00, 2639.75, 2715.50, 2544.75, 2710.00, 4806868, 3294277, 0, 0
2018/2/7, 00:00:00, 2701.25, 2742.50, 2676.25, 2684.00, 2491133, 3264285, 0, 0
2018/2/8, 00:00:00, 2680.50, 2702.25, 2592.75, 2609.25, 3121915, 3320006, 0, 0
2018/2/9, 00:00:00, 2609.50, 2653.50, 2546.00, 2634.75, 3909443, 3315698, 0, 0
2018/2/12, 00:00:00, 2644.00, 2687.25, 2635.75, 2671.00, 2170447, 3217706, 0, 0
2018/2/13, 00:00:00, 2669.00, 2683.25, 2650.00, 2677.50, 1461104, 3191989, 0, 0
2018/2/14, 00:00:00, 2678.25, 2717.50, 2642.75, 2712.75, 2087016, 3165063, 0, 0
2018/2/15, 00:00:00, 2711.25, 2752.50, 2704.25, 2749.75, 1668909, 3177219, 0, 0
2018/2/16, 00:00:00, 2749.75, 2770.50, 2738.00, 2750.75, 1738551, 3172501, 0, 0
2018/2/20, 00:00:00, 2750.25, 2763.50, 2721.50, 2729.75, 1447502, 3176441, 0, 0
2018/2/21, 00:00:00, 2730.25, 2763.50, 2709.25, 2714.50, 1661308, 3162459, 0, 0
2018/2/22, 00:00:00, 2714.25, 2746.75, 2697.75, 2727.25, 1623017, 3156159, 0, 0
2018/2/23, 00:00:00, 2728.50, 2766.00, 2725.75, 2764.50, 1290261, 3168128, 0, 0
2018/2/26, 00:00:00, 2767.25, 2801.75, 2758.25, 2800.25, 1256268, 3169192, 0, 0
2018/2/27, 00:00:00, 2799.25, 2805.50, 2757.75, 2763.25, 1717155, 3165874, 0, 0
2018/2/28, 00:00:00, 2762.25, 2777.75, 2727.75, 2730.25, 1876678, 3117034, 0, 0
2018/3/1, 00:00:00, 2734.00, 2746.75, 2674.25, 2694.00, 2818966, 3135753, 0, 0
2018/3/2, 00:00:00, 2694.50, 2711.75, 2662.75, 2706.00, 2171819, 3143984, 0, 0
2018/3/5, 00:00:00, 2699.00, 2743.50, 2679.50, 2734.25, 1781823, 3109807, 0, 0
2018/3/6, 00:00:00, 2734.75, 2750.25, 2726.00, 2739.75, 1450085, 3079923, 0, 0
2018/3/7, 00:00:00, 2715.75, 2746.00, 2697.00, 2739.00, 1870360, 3002645, 0, 0
2018/3/8, 00:00:00, 2738.25, 2755.25, 2734.00, 2754.00, 653581, 652394, 0, 0
2018/3/9, 00:00:00, 2751.75, 2801.75, 2745.25, 2798.50, 1489394, 1166354, 0, 0
2018/3/12, 00:00:00, 2798.50, 2815.00, 2793.50, 2798.75, 1658456, 1857383, 0, 0
2018/3/13, 00:00:00, 2796.75, 2817.00, 2772.25, 2782.50, 2226645, 2385499, 0, 0
2018/3/14, 00:00:00, 2776.75, 2793.25, 2758.00, 2763.75, 1930552, 2609150, 0, 0
2018/3/15, 00:00:00, 2764.50, 2777.00, 2754.75, 2765.25, 1392307, 2665457, 0, 0
2018/3/16, 00:00:00, 2767.25, 2776.00, 2760.00, 2765.75, 1142517, 2681583, 0, 0
2018/3/19, 00:00:00, 2766.00, 2766.25, 2707.00, 2732.50, 1986809, 2698947, 0, 0
2018/3/20, 00:00:00, 2731.25, 2738.75, 2722.50, 2733.25, 1099899, 2706998, 0, 0
2018/3/21, 00:00:00, 2733.00, 2753.75, 2722.25, 2728.00, 1423759, 2722391, 0, 0
2018/3/22, 00:00:00, 2728.00, 2736.00, 2651.50, 2653.00, 2548609, 2779805, 0, 0
2018/3/23, 00:00:00, 2655.50, 2668.50, 2595.75, 2607.50, 2875654, 2849518, 0, 0
2018/3/26, 00:00:00, 2604.75, 2672.50, 2600.75, 2669.25, 2302375, 2889651, 0, 0
2018/3/27, 00:00:00, 2669.25, 2689.50, 2605.75, 2625.50, 2448450, 2884080, 0, 0
2018/3/28, 00:00:00, 2622.50, 2643.50, 2602.75, 2617.25, 2802883, 2918961, 0, 0
2018/3/29, 00:00:00, 2619.50, 2669.25, 2610.75, 2652.75, 2042949, 2887303, 0, 0
2018/4/2, 00:00:00, 2644.75, 2651.25, 2561.75, 2584.75, 2395329, 2933144, 0, 0
2018/4/3, 00:00:00, 2591.00, 2628.50, 2583.25, 2623.00, 2220246, 2942545, 0, 0
2018/4/4, 00:00:00, 2621.75, 2659.50, 2569.25, 2656.75, 2247386, 2937636, 0, 0
2018/4/5, 00:00:00, 2655.50, 2682.00, 2653.75, 2671.50, 1642890, 2914793, 0, 0
2018/4/6, 00:00:00, 2672.75, 2673.75, 2594.25, 2615.50, 2615117, 2900411, 0, 0
2018/4/9, 00:00:00, 2617.25, 2663.50, 2617.25, 2628.75, 1762078, 2923967, 0, 0
2018/4/10, 00:00:00, 2627.50, 2676.00, 2622.00, 2664.75, 1998582, 2907441, 0, 0
2018/4/11, 00:00:00, 2664.25, 2671.00, 2635.75, 2650.75, 1637350, 2860319, 0, 0
2018/4/12, 00:00:00, 2652.25, 2684.75, 2649.50, 2673.75, 1301132, 2860677, 0, 0
2018/4/13, 00:00:00, 2671.50, 2690.25, 2654.50, 2667.00, 1711823, 2875836, 0, 0
2018/4/16, 00:00:00, 2683.00, 2696.75, 2670.50, 2691.50, 1237183, 2868740, 0, 0
2018/4/17, 00:00:00, 2689.00, 2723.50, 2688.50, 2716.25, 1251766, 2880705, 0, 0
2018/4/18, 00:00:00, 2714.25, 2728.25, 2713.50, 2719.50, 1044851, 2876346, 0, 0
2018/4/19, 00:00:00, 2721.50, 2723.00, 2691.25, 2702.75, 1577913, 2890292, 0, 0
2018/4/20, 00:00:00, 2702.25, 2708.00, 2669.50, 2681.25, 1604973, 2897639, 0, 0
2018/4/23, 00:00:00, 2692.75, 2694.50, 2667.00, 2681.00, 1239828, 2885246, 0, 0
2018/4/24, 00:00:00, 2681.75, 2698.25, 2625.75, 2645.00, 2329880, 2905501, 0, 0
2018/4/25, 00:00:00, 2645.00, 2658.00, 2621.00, 2654.25, 1902899, 2905239, 0, 0
2018/4/26, 00:00:00, 2658.00, 2687.25, 2649.25, 2684.25, 1279539, 2865991, 0, 0
2018/4/27, 00:00:00, 2685.25, 2686.00, 2667.50, 2681.25, 1142350, 2853010, 0, 0
2018/4/30, 00:00:00, 2680.25, 2692.00, 2654.75, 2656.75, 1341086, 2859811, 0, 0
2018/5/1, 00:00:00, 2656.00, 2667.75, 2633.00, 2662.00, 1323628, 2860955, 0, 0
2018/5/2, 00:00:00, 2665.25, 2668.25, 2634.00, 2637.25, 1427995, 2857898, 0, 0
2018/5/3, 00:00:00, 2636.50, 2646.00, 2601.00, 2641.50, 2146587, 2859232, 0, 0
2018/5/4, 00:00:00, 2641.50, 2679.25, 2622.00, 2672.75, 1699202, 2852359, 0, 0
2018/5/7, 00:00:00, 2672.50, 2691.25, 2671.00, 2679.75, 1148919, 2834612, 0, 0
2018/5/8, 00:00:00, 2677.75, 2684.00, 2662.00, 2680.00, 1281751, 2842527, 0, 0
2018/5/9, 00:00:00, 2679.50, 2709.75, 2676.25, 2705.75, 1251722, 2852929, 0, 0
2018/5/10, 00:00:00, 2705.75, 2734.75, 2702.50, 2728.50, 1173629, 2867496, 0, 0
2018/5/11, 00:00:00, 2726.00, 2742.25, 2726.00, 2739.25, 1066248, 2887528, 0, 0
2018/5/14, 00:00:00, 2737.00, 2751.00, 2734.00, 2740.75, 945963, 2889450, 0, 0
2018/5/15, 00:00:00, 2738.25, 2741.00, 2710.25, 2718.75, 1519108, 2903781, 0, 0
2018/5/16, 00:00:00, 2721.00, 2737.75, 2714.25, 2732.75, 1057687, 2912515, 0, 0
2018/5/17, 00:00:00, 2731.50, 2741.75, 2720.75, 2728.50, 1071506, 2937683, 0, 0
2018/5/18, 00:00:00, 2728.50, 2736.75, 2718.50, 2722.75, 1013073, 2944226, 0, 0
2018/5/21, 00:00:00, 2738.50, 2749.00, 2734.00, 2742.75, 951913, 2952475, 0, 0
2018/5/22, 00:00:00, 2741.00, 2751.50, 2731.25, 2735.75, 891511, 2949209, 0, 0
2018/5/23, 00:00:00, 2734.25, 2742.75, 2714.25, 2740.50, 1295885, 2971689, 0, 0
2018/5/24, 00:00:00, 2739.50, 2743.00, 2715.50, 2737.25, 1277264, 2959394, 0, 0
2018/5/25, 00:00:00, 2736.50, 2747.50, 2723.50, 2728.00, 993783, 2972496, 0, 0
2018/5/29, 00:00:00, 2738.75, 2741.50, 2684.75, 2702.00, 1989677, 2994694, 0, 0
2018/5/30, 00:00:00, 2703.00, 2739.00, 2695.50, 2734.25, 1424364, 2988168, 0, 0
2018/5/31, 00:00:00, 2730.00, 2738.00, 2709.50, 2715.25, 1665452, 2986857, 0, 0
2018/6/1, 00:00:00, 2717.25, 2746.75, 2715.75, 2743.50, 1241171, 2971859, 0, 0
2018/6/4, 00:00:00, 2740.75, 2759.00, 2738.75, 2755.25, 857850, 2973815, 0, 0
2018/6/5, 00:00:00, 2755.75, 2763.00, 2748.75, 2761.25, 1027609, 2946533, 0, 0
2018/6/6, 00:00:00, 2760.75, 2784.50, 2757.75, 2782.00, 1326401, 2857383, 0, 0
2018/6/7, 00:00:00, 2783.00, 2789.00, 2769.25, 2781.50, 777094, 682262, 0, 0
2018/6/8, 00:00:00, 2780.75, 2788.75, 2761.25, 2788.00, 1281036, 1142120, 0, 0
2018/6/11, 00:00:00, 2782.25, 2799.75, 2779.50, 2792.25, 1558782, 1809743, 0, 0
2018/6/12, 00:00:00, 2790.50, 2799.50, 2787.75, 2793.75, 1496135, 2283691, 0, 0
2018/6/13, 00:00:00, 2797.50, 2801.50, 2784.00, 2784.50, 1384101, 2499069, 0, 0
2018/6/14, 00:00:00, 2783.25, 2799.50, 2777.75, 2794.00, 1275141, 2602004, 0, 0
2018/6/15, 00:00:00, 2792.50, 2794.00, 2771.00, 2790.00, 1512061, 2607634, 0, 0
2018/6/18, 00:00:00, 2785.50, 2792.25, 2766.75, 2785.25, 993118, 2595978, 0, 0
2018/6/19, 00:00:00, 2783.75, 2785.75, 2741.25, 2771.75, 1657081, 2626220, 0, 0
2018/6/20, 00:00:00, 2770.75, 2783.75, 2762.75, 2777.50, 1082802, 2626162, 0, 0
2018/6/21, 00:00:00, 2777.25, 2790.75, 2752.50, 2758.00, 1493235, 2620586, 0, 0
2018/6/22, 00:00:00, 2756.00, 2774.00, 2754.75, 2765.00, 1108771, 2618991, 0, 0
2018/6/25, 00:00:00, 2762.50, 2763.50, 2706.00, 2727.75, 2206994, 2638026, 0, 0
2018/6/26, 00:00:00, 2727.25, 2740.75, 2720.25, 2734.00, 1399067, 2626088, 0, 0
2018/6/27, 00:00:00, 2732.00, 2753.50, 2706.50, 2710.50, 2117686, 2629776, 0, 0
2018/6/28, 00:00:00, 2710.50, 2731.75, 2698.75, 2725.00, 1678667, 2630303, 0, 0
2018/6/29, 00:00:00, 2725.50, 2751.00, 2722.25, 2727.00, 1641889, 2620996, 0, 0
2018/7/2, 00:00:00, 2726.50, 2734.00, 2704.00, 2732.75, 1213215, 2605520, 0, 0
2018/7/3, 00:00:00, 2732.75, 2747.00, 2717.50, 2718.75, 860533, 2600928, 0, 0
2018/7/5, 00:00:00, 2718.50, 2745.25, 2716.25, 2744.00, 1165235, 2597888, 0, 0
2018/7/6, 00:00:00, 2742.50, 2771.75, 2736.75, 2768.50, 1287758, 2596309, 0, 0
2018/7/9, 00:00:00, 2767.50, 2793.50, 2767.25, 2793.00, 970337, 2634459, 0, 0
2018/7/10, 00:00:00, 2793.00, 2803.25, 2786.00, 2802.25, 925706, 2642616, 0, 0
2018/7/11, 00:00:00, 2786.25, 2793.25, 2771.25, 2779.50, 1369176, 2644336, 0, 0
2018/7/12, 00:00:00, 2782.25, 2806.50, 2779.25, 2804.00, 1120424, 2666247, 0, 0
2018/7/13, 00:00:00, 2804.00, 2812.75, 2798.75, 2808.75, 952307, 2677236, 0, 0
2018/7/16, 00:00:00, 2810.25, 2814.50, 2800.50, 2802.00, 801608, 2672510, 0, 0
2018/7/17, 00:00:00, 2801.25, 2821.25, 2795.25, 2816.75, 1059163, 2697051, 0, 0
2018/7/18, 00:00:00, 2818.50, 2823.75, 2812.25, 2821.50, 860523, 2696845, 0, 0
2018/7/19, 00:00:00, 2820.00, 2823.50, 2805.75, 2810.75, 1082645, 2695526, 0, 0
2018/7/20, 00:00:00, 2811.00, 2816.00, 2798.50, 2806.25, 1013663, 2691633, 0, 0
2018/7/23, 00:00:00, 2810.75, 2818.00, 2798.00, 2817.50, 812481, 2696073, 0, 0
2018/7/24, 00:00:00, 2816.00, 2836.75, 2815.75, 2826.50, 1347688, 2697964, 0, 0
2018/7/25, 00:00:00, 2824.75, 2855.00, 2819.50, 2846.75, 1302896, 2704995, 0, 0
2018/7/26, 00:00:00, 2840.75, 2852.00, 2838.75, 2848.00, 1039552, 2705919, 0, 0
2018/7/27, 00:00:00, 2845.75, 2852.50, 2814.25, 2823.00, 1492056, 2682281, 0, 0
2018/7/30, 00:00:00, 2821.50, 2827.25, 2803.75, 2808.75, 1169457, 2675353, 0, 0
2018/7/31, 00:00:00, 2811.00, 2833.25, 2808.25, 2822.50, 1366896, 2677735, 0, 0
2018/8/1, 00:00:00, 2829.75, 2831.25, 2811.00, 2816.25, 1098291, 2673534, 0, 0
2018/8/2, 00:00:00, 2819.50, 2836.75, 2796.50, 2834.00, 1238138, 2709128, 0, 0
2018/8/3, 00:00:00, 2836.25, 2847.00, 2830.25, 2845.00, 922242, 2713635, 0, 0
2018/8/6, 00:00:00, 2847.00, 2859.00, 2840.50, 2855.50, 797324, 2735143, 0, 0
2018/8/7, 00:00:00, 2854.75, 2869.25, 2853.75, 2865.25, 780222, 2744347, 0, 0
2018/8/8, 00:00:00, 2866.00, 2868.00, 2858.00, 2860.75, 745412, 2747149, 0, 0
2018/8/9, 00:00:00, 2859.00, 2868.25, 2856.00, 2859.25, 696695, 2757712, 0, 0
2018/8/10, 00:00:00, 2858.00, 2858.25, 2831.50, 2842.25, 1416182, 2727026, 0, 0
2018/8/13, 00:00:00, 2841.25, 2849.25, 2825.50, 2831.00, 1282874, 2714240, 0, 0
2018/8/14, 00:00:00, 2832.25, 2849.00, 2831.25, 2846.50, 1022577, 2729801, 0, 0
2018/8/15, 00:00:00, 2847.25, 2848.50, 2808.50, 2826.75, 1871800, 2727726, 0, 0
2018/8/16, 00:00:00, 2827.75, 2857.25, 2823.00, 2850.25, 1271529, 2742522, 0, 0
2018/8/17, 00:00:00, 2849.00, 2862.50, 2840.50, 2857.75, 1202980, 2722402, 0, 0
2018/8/20, 00:00:00, 2857.25, 2866.25, 2855.75, 2864.00, 817383, 2726276, 0, 0
2018/8/21, 00:00:00, 2862.25, 2879.50, 2857.50, 2867.25, 1055051, 2730460, 0, 0
2018/8/22, 00:00:00, 2858.50, 2873.75, 2851.75, 2866.75, 996434, 2738403, 0, 0
2018/8/23, 00:00:00, 2867.25, 2875.25, 2860.25, 2863.50, 1050042, 2727374, 0, 0
2018/8/24, 00:00:00, 2863.75, 2883.00, 2861.75, 2882.25, 1058571, 2735145, 0, 0
2018/8/27, 00:00:00, 2883.25, 2905.00, 2882.25, 2904.00, 961496, 2760646, 0, 0
2018/8/28, 00:00:00, 2904.50, 2911.75, 2899.75, 2904.75, 902705, 2768014, 0, 0
2018/8/29, 00:00:00, 2906.00, 2923.00, 2903.00, 2920.25, 1113797, 2782971, 0, 0
2018/8/30, 00:00:00, 2921.25, 2921.75, 2901.00, 2907.50, 1331841, 2771995, 0, 0
2018/8/31, 00:00:00, 2903.50, 2913.00, 2897.25, 2907.50, 1323038, 2788109, 0, 0
2018/9/4, 00:00:00, 2912.00, 2918.00, 2891.00, 2903.75, 1605954, 2771894, 0, 0
2018/9/5, 00:00:00, 2904.25, 2906.00, 2883.00, 2893.75, 1604742, 2780588, 0, 0
2018/9/6, 00:00:00, 2894.00, 2898.50, 2873.50, 2884.50, 1633946, 2758301, 0, 0
2018/9/7, 00:00:00, 2883.25, 2890.50, 2870.50, 2880.25, 1692240, 2706678, 0, 0
2018/9/10, 00:00:00, 2879.25, 2893.75, 2878.75, 2885.75, 1248308, 2714490, 0, 0
2018/9/11, 00:00:00, 2885.25, 2898.50, 2872.75, 2895.25, 1269254, 2690666, 0, 0
2018/9/12, 00:00:00, 2895.50, 2900.75, 2885.00, 2894.00, 1581597, 2589244, 0, 0
2018/9/13, 00:00:00, 2892.50, 2912.00, 2889.75, 2910.25, 712160, 667008, 0, 0
2018/9/14, 00:00:00, 2909.50, 2917.25, 2902.00, 2911.50, 1363971, 1128631, 0, 0
2018/9/17, 00:00:00, 2909.00, 2911.25, 2892.25, 2896.00, 1783534, 1739118, 0, 0
2018/9/18, 00:00:00, 2895.50, 2917.75, 2883.50, 2911.75, 1877029, 2291959, 0, 0
2018/9/19, 00:00:00, 2913.00, 2918.75, 2905.75, 2915.00, 1343115, 0, 0, 0
